from,to,distance
21,11,1.000000
21,15,1.000000
545,541,1.000000
541,545,1.000000
1181,1182,1.000000
628,627,1.000000
15,11,1.000000
15,21,1.000000
74,70,1.000000
416,415,1.000000
70,74,1.000000
627,628,1.000000
415,416,1.000000
252,258,1.000000
258,252,1.000000
1182,1181,1.000000
11,15,1.000000
11,21,1.000000
783,784,1.000000
815,798,1.000000
618,614,1.000000
614,618,1.000000
798,815,1.000000
784,783,1.000000
9,13,1.000000
9,20,1.000000
13,9,1.000000
13,20,1.000000
20,9,1.000000
20,13,1.000000
1234,1233,1.000000
164,166,1.000000
166,164,1.000000
76,72,1.000000
72,76,1.000000
1233,1234,1.000000
547,543,1.000000
543,547,1.000000
59,52,1.000000
51,59,1.000000
900,897,1.000000
52,51,1.000000
897,900,1.000000
544,540,1.000000
52,59,1.000000
540,544,1.000000
59,51,1.000000
51,52,1.000000
865,864,1.000000
542,546,1.000000
71,75,1.000000
864,865,1.000000
546,542,1.000000
75,71,1.000000
17,19,1.000000
18,8,1.000000
1022,1023,1.000000
16,18,1.000000
1023,1025,1.000000
16,8,1.000000
12,19,1.000000
1022,1025,1.000000
12,17,1.000000
1023,1021,1.000000
8,16,1.000000
17,12,1.000000
8,18,1.000000
1021,1023,1.000000
19,17,1.000000
1024,1021,1.000000
19,12,1.000000
1024,1023,1.000000
1024,1025,1.000000
1025,1021,1.000000
1025,1023,1.000000
1021,1025,1.000000
1022,1021,1.000000
18,16,1.000000
266,264,1.000000
264,266,1.000000
535,538,1.000000
538,535,1.000000
73,78,0.999999
78,69,0.999999
78,73,0.999999
354,355,0.999999
355,354,0.999999
69,73,0.999999
73,69,0.999999
69,78,0.999999
10,14,0.999999
10,22,0.999999
14,10,0.999999
14,22,0.999999
22,10,0.999999
22,14,0.999999
491,490,0.999999
490,491,0.999999
387,408,0.999985
408,387,0.999985
1398,998,0.999983
998,1398,0.999983
999,1399,0.999979
1399,999,0.999979
115,49,0.999967
49,115,0.999967
1397,997,0.999966
997,1397,0.999966
1392,951,0.999964
951,1392,0.999964
674,677,0.999955
677,674,0.999955
336,325,0.999948
325,336,0.999948
995,1394,0.999947
1394,995,0.999947
1396,993,0.999943
993,1396,0.999943
529,528,0.999935
528,529,0.999935
573,572,0.999927
572,573,0.999927
338,323,0.999886
323,338,0.999886
331,332,0.999876
332,331,0.999876
1395,994,0.999876
994,1395,0.999876
1393,996,0.999820
996,1393,0.999820
326,335,0.999808
335,326,0.999808
322,339,0.999794
339,322,0.999794
321,340,0.999772
340,321,0.999772
327,334,0.999757
334,327,0.999757
328,333,0.999727
333,328,0.999727
165,257,0.999708
257,165,0.999708
66,60,0.999679
60,66,0.999679
97,1223,0.999627
1223,97,0.999627
324,337,0.999622
337,324,0.999622
731,730,0.999554
730,731,0.999554
1229,62,0.999232
62,1229,0.999232
729,730,0.999158
730,729,0.999158
0,66,0.999132
66,0,0.999132
729,731,0.999027
731,729,0.999027
650,648,0.998844
648,650,0.998844
0,60,0.998835
60,0,0.998835
67,1227,0.998455
1227,67,0.998455
64,1224,0.998356
1224,64,0.998356
1204,386,0.998092
386,1204,0.998092
166,252,0.997510
252,166,0.997510
164,252,0.997510
258,166,0.997510
1234,257,0.997385
257,1233,0.997385
1233,257,0.997385
79,60,0.997175
1280,1281,0.997119
1281,1280,0.997119
84,83,0.996914
83,84,0.996914
108,1232,0.996837
1232,108,0.996837
165,1233,0.996601
88,89,0.996530
89,88,0.996530
79,66,0.996514
61,1230,0.996402
1230,61,0.996402
102,1218,0.996310
1218,102,0.996310
647,646,0.996196
646,647,0.996196
119,118,0.995753
118,119,0.995753
419,379,0.994727
379,419,0.994727
94,95,0.994236
95,94,0.994236
1269,1273,0.993828
1273,1269,0.993828
56,55,0.993484
55,56,0.993484
1417,1416,0.993332
1416,1417,0.993332
699,693,0.993096
693,699,0.993096
83,86,0.992719
86,83,0.992719
1208,323,0.992656
323,1208,0.992656
1225,76,0.992234
1225,72,0.992234
72,1225,0.992234
76,1225,0.992234
1208,338,0.992155
338,1208,0.992155
328,1213,0.991786
1213,328,0.991786
1312,1316,0.991757
1316,1312,0.991757
84,86,0.991715
86,84,0.991715
1213,333,0.991623
333,1213,0.991623
1220,332,0.991081
332,1220,0.991081
652,655,0.990693
655,652,0.990693
1226,73,0.990580
1226,69,0.990580
81,82,0.990560
82,81,0.990560
1227,66,0.990355
67,0,0.990330
350,347,0.990285
347,350,0.990285
1220,331,0.990273
331,1220,0.990273
348,349,0.990060
349,348,0.990060
183,184,0.989906
184,183,0.989906
901,902,0.989667
902,901,0.989667
738,736,0.989248
736,738,0.989248
1270,1269,0.988831
1269,1270,0.988831
82,84,0.988804
677,691,0.988674
691,677,0.988674
282,284,0.988658
284,282,0.988658
282,286,0.988656
286,282,0.988656
512,510,0.988369
510,512,0.988369
674,691,0.988311
691,674,0.988311
400,387,0.988149
387,400,0.988149
408,400,0.988144
400,408,0.988144
692,673,0.987866
673,692,0.987866
681,678,0.987800
678,681,0.987800
284,286,0.987731
286,284,0.987731
1352,1351,0.987669
1351,1352,0.987669
336,1210,0.987403
1210,336,0.987403
285,286,0.987241
351,349,0.987216
349,351,0.987216
1210,325,0.987113
325,1210,0.987113
1264,1269,0.987106
1270,1264,0.987063
1264,1270,0.987063
357,350,0.986997
350,357,0.986997
369,371,0.986930
371,369,0.986930
644,648,0.986820
648,644,0.986820
211,217,0.986669
217,211,0.986669
650,644,0.986471
644,650,0.986471
1273,1272,0.986190
1272,1273,0.986190
1212,334,0.986110
334,1212,0.986110
1271,1270,0.985781
81,86,0.985698
337,1209,0.985577
1209,337,0.985577
906,908,0.985546
908,906,0.985546
211,210,0.985468
210,211,0.985468
1211,326,0.985439
326,1211,0.985439
335,1211,0.985437
1211,335,0.985437
1343,1344,0.985409
1344,1343,0.985409
716,718,0.985345
718,716,0.985345
327,1212,0.985235
1212,327,0.985235
692,677,0.985171
301,302,0.985133
302,301,0.985133
489,490,0.984993
491,489,0.984993
490,489,0.984993
489,491,0.984993
288,289,0.984729
289,288,0.984729
295,302,0.984710
302,295,0.984710
295,301,0.984552
301,295,0.984552
357,347,0.984487
347,357,0.984487
1026,1027,0.984304
1027,1026,0.984304
1206,340,0.984278
340,1206,0.984278
574,573,0.984277
573,574,0.984277
226,220,0.984248
220,226,0.984248
1100,1103,0.984233
1103,1100,0.984233
791,802,0.984147
802,791,0.984147
690,677,0.984065
572,574,0.983946
574,572,0.983946
507,514,0.983880
514,507,0.983880
717,715,0.983866
715,717,0.983866
321,1206,0.983774
1206,321,0.983774
370,327,0.983754
351,357,0.983741
1271,1264,0.983627
356,349,0.983608
324,1209,0.983557
1209,324,0.983557
184,180,0.983535
180,184,0.983535
285,284,0.983487
690,674,0.983480
1272,1269,0.983433
937,941,0.983248
941,937,0.983248
372,1212,0.983186
917,498,0.983181
498,917,0.983181
288,306,0.983012
306,288,0.983012
1202,1201,0.982925
1201,1202,0.982925
370,334,0.982853
1103,1101,0.982828
1101,1103,0.982828
386,400,0.982823
548,543,0.982670
548,547,0.982670
543,548,0.982670
547,548,0.982670
100,101,0.982534
101,100,0.982534
1204,400,0.982420
1102,1103,0.982386
712,715,0.982313
715,712,0.982313
593,596,0.982269
596,593,0.982269
264,256,0.982170
266,256,0.982170
256,264,0.982170
256,266,0.982170
374,377,0.982120
377,374,0.982120
283,286,0.982117
368,375,0.981866
375,368,0.981866
339,1207,0.981767
1207,339,0.981767
57,54,0.981761
54,57,0.981761
1101,1102,0.981704
1102,1101,0.981704
55,58,0.981686
58,55,0.981686
1268,1270,0.981627
1258,1255,0.981423
1255,1258,0.981423
298,301,0.981339
388,502,0.981137
502,388,0.981137
1087,1085,0.981111
1085,1087,0.981111
377,368,0.981075
368,377,0.981075
1258,1259,0.981021
1259,1258,0.981021
1267,411,0.981006
411,1267,0.981006
571,574,0.980991
374,376,0.980907
376,374,0.980907
322,1207,0.980883
1207,322,0.980883
1268,1271,0.980692
352,351,0.980649
179,183,0.980636
183,179,0.980636
1309,1306,0.980603
1306,1309,0.980603
881,388,0.980552
388,881,0.980552
1010,922,0.980403
922,1010,0.980403
1321,1334,0.979994
1334,1321,0.979994
373,1208,0.979940
461,460,0.979738
460,461,0.979738
957,1317,0.979607
1317,957,0.979607
306,284,0.979542
215,220,0.979411
220,215,0.979411
221,200,0.979353
200,221,0.979353
212,211,0.979343
1265,1267,0.979294
1267,1265,0.979294
146,154,0.979209
154,146,0.979209
989,990,0.979204
990,989,0.979204
215,226,0.979172
226,215,0.979172
509,510,0.979146
510,509,0.979146
56,58,0.979112
58,56,0.979112
373,323,0.978998
223,224,0.978947
224,223,0.978947
509,512,0.978879
512,509,0.978879
1276,1275,0.978811
1275,1276,0.978811
389,411,0.978703
411,389,0.978703
678,692,0.978602
210,217,0.978561
217,210,0.978561
87,89,0.978551
89,87,0.978551
1100,1101,0.978549
679,691,0.978402
673,691,0.978334
515,917,0.978281
917,515,0.978281
297,298,0.978165
298,297,0.978165
212,217,0.977977
379,404,0.977762
404,379,0.977762
356,350,0.977572
375,377,0.977543
221,215,0.977482
239,240,0.977366
240,239,0.977366
1265,411,0.977311
645,647,0.977302
647,645,0.977302
149,151,0.977261
151,149,0.977261
460,465,0.977080
465,460,0.977080
1029,1030,0.977061
1030,1029,0.977061
679,674,0.976960
854,855,0.976952
855,854,0.976952
419,388,0.976945
289,307,0.976882
307,289,0.976882
507,510,0.976873
1055,547,0.976690
1055,543,0.976690
1259,1262,0.976545
1262,1259,0.976545
645,646,0.976468
646,645,0.976468
1095,1094,0.976411
1094,1095,0.976411
964,916,0.976403
916,964,0.976403
1261,1265,0.976204
716,712,0.976015
712,716,0.976015
758,760,0.975899
760,758,0.975899
283,282,0.975857
718,712,0.975831
1307,1267,0.975828
299,298,0.975748
768,1186,0.975744
1186,768,0.975744
348,356,0.975507
29,28,0.975496
28,29,0.975496
461,457,0.975485
457,461,0.975485
881,502,0.975374
502,881,0.975374
515,498,0.975217
498,515,0.975217
1317,1336,0.975168
1336,1317,0.975168
156,157,0.975112
157,156,0.975112
297,295,0.975100
1327,1328,0.975080
1328,1327,0.975080
632,631,0.974943
631,632,0.974943
459,463,0.974940
463,459,0.974940
180,183,0.974934
376,373,0.974912
772,419,0.974784
503,489,0.974626
1340,1332,0.974611
1332,1340,0.974611
655,653,0.974602
653,655,0.974602
445,521,0.974594
521,445,0.974594
409,402,0.974580
402,409,0.974580
148,147,0.974484
147,148,0.974484
540,548,0.974429
544,548,0.974429
44,42,0.974264
42,44,0.974264
602,611,0.974249
611,602,0.974249
865,881,0.974231
864,881,0.974231
413,1409,0.974093
1409,413,0.974093
413,394,0.974075
394,413,0.974075
1389,1134,0.974064
1134,1389,0.974064
1352,1350,0.974052
1350,1352,0.974052
717,716,0.973913
394,1409,0.973880
1409,394,0.973880
457,460,0.973819
87,88,0.973818
88,87,0.973818
488,485,0.973779
485,488,0.973779
372,373,0.973752
680,676,0.973678
676,680,0.973678
1275,1344,0.973582
1344,1275,0.973582
1256,1261,0.973458
1261,1256,0.973458
772,379,0.973416
177,222,0.973405
222,177,0.973405
525,789,0.973395
789,525,0.973395
404,388,0.973338
442,443,0.973333
443,442,0.973333
541,542,0.973301
542,541,0.973301
545,542,0.973301
546,541,0.973301
1263,1269,0.973290
1257,1417,0.973289
1417,1257,0.973289
299,295,0.973289
1263,1272,0.973266
225,221,0.973176
745,742,0.973122
742,745,0.973122
1010,152,0.973115
152,1010,0.973115
48,172,0.973084
172,48,0.973084
214,213,0.972998
213,214,0.972998
225,200,0.972942
200,225,0.972942
407,413,0.972935
241,240,0.972928
240,241,0.972928
317,923,0.972893
923,317,0.972893
1318,1317,0.972883
844,593,0.972816
593,844,0.972816
407,394,0.972761
725,726,0.972565
726,725,0.972565
185,178,0.972563
178,185,0.972563
1256,1259,0.972558
571,573,0.972526
706,682,0.972476
682,706,0.972476
291,931,0.972468
931,291,0.972468
124,498,0.972433
352,357,0.972410
458,461,0.972382
1277,498,0.972273
462,466,0.972256
466,462,0.972256
1415,1403,0.972190
1403,1415,0.972190
768,843,0.972149
843,768,0.972149
179,184,0.972106
1260,1261,0.972056
1260,1265,0.972024
342,341,0.972010
341,342,0.972010
671,672,0.972005
672,671,0.972005
222,201,0.971992
201,222,0.971992
1262,1263,0.971898
742,743,0.971752
743,742,0.971752
1307,1043,0.971716
1043,1307,0.971716
681,683,0.971655
683,681,0.971655
369,375,0.971590
483,486,0.971584
486,483,0.971584
196,184,0.971543
766,542,0.971496
766,546,0.971496
657,1275,0.971474
1343,1275,0.971447
196,183,0.971425
676,689,0.971422
689,676,0.971422
923,501,0.971401
501,923,0.971401
465,457,0.971274
237,236,0.971176
236,237,0.971176
459,457,0.970991
253,246,0.970876
246,253,0.970876
703,688,0.970788
688,703,0.970788
380,386,0.970283
185,177,0.970277
177,185,0.970277
354,349,0.970085
355,349,0.970085
1349,1352,0.970085
1369,1417,0.969924
1184,1134,0.969922
1134,1184,0.969922
244,1261,0.969812
1416,1392,0.969715
1392,1416,0.969715
916,98,0.969696
98,916,0.969696
500,379,0.969673
525,657,0.969637
657,525,0.969637
925,768,0.969633
1043,1267,0.969542
500,1417,0.969525
875,874,0.969502
874,875,0.969502
300,301,0.969495
951,1416,0.969405
668,667,0.969381
667,668,0.969381
371,375,0.969310
393,408,0.969250
265,917,0.969194
65,857,0.969148
857,65,0.969148
265,498,0.969071
499,506,0.969050
506,499,0.969050
1321,1311,0.969014
1311,1321,0.969014
1350,1351,0.968982
1351,1350,0.968982
393,387,0.968959
1255,1259,0.968948
779,1108,0.968934
1108,779,0.968934
492,388,0.968869
689,675,0.968777
675,689,0.968777
683,678,0.968775
1277,265,0.968736
244,243,0.968736
243,244,0.968736
851,850,0.968529
850,851,0.968529
1154,844,0.968448
844,1154,0.968448
458,460,0.968424
1257,1416,0.968393
389,502,0.968378
381,515,0.968369
965,986,0.968340
986,965,0.968340
503,490,0.968335
1349,1351,0.968331
925,1186,0.968172
1186,925,0.968172
1091,124,0.968170
124,1091,0.968170
837,1260,0.967937
739,916,0.967874
850,916,0.967871
1041,267,0.967858
267,1041,0.967858
43,44,0.967786
44,43,0.967786
779,924,0.967746
924,779,0.967746
739,291,0.967728
291,739,0.967728
1292,793,0.967688
793,1292,0.967688
1193,500,0.967528
894,379,0.967460
412,1306,0.967427
1306,412,0.967427
54,55,0.967383
120,159,0.967263
159,120,0.967263
31,1267,0.967222
317,503,0.967203
1053,802,0.967198
802,1053,0.967198
521,255,0.967079
255,521,0.967079
1339,1338,0.967018
1338,1339,0.967018
952,882,0.967003
882,952,0.967003
1142,1108,0.966951
1108,1142,0.966951
984,917,0.966943
1309,1275,0.966920
153,152,0.966850
152,153,0.966850
501,317,0.966796
1374,1402,0.966686
1402,1374,0.966686
242,239,0.966534
239,242,0.966534
382,386,0.966425
1160,1415,0.966410
1415,1160,0.966410
98,411,0.966387
1360,525,0.966319
1034,1038,0.966319
1038,1034,0.966319
1334,1311,0.966298
1311,1334,0.966298
1142,850,0.966100
28,27,0.966044
27,28,0.966044
1369,1257,0.965988
483,857,0.965975
857,483,0.965975
1091,515,0.965925
380,387,0.965889
92,1310,0.965879
1310,92,0.965879
727,645,0.965824
906,904,0.965764
904,906,0.965764
463,457,0.965751
789,317,0.965724
851,849,0.965711
849,851,0.965711
747,388,0.965658
42,1038,0.965557
1038,42,0.965557
668,669,0.965538
669,668,0.965538
496,515,0.965508
964,1307,0.965383
243,1043,0.965277
744,742,0.965199
178,177,0.965174
791,419,0.965132
687,698,0.964978
698,687,0.964978
747,502,0.964862
902,850,0.964836
307,288,0.964686
381,917,0.964685
653,652,0.964674
652,653,0.964674
1159,152,0.964671
192,909,0.964654
909,192,0.964654
1391,881,0.964648
907,902,0.964584
894,1403,0.964583
1403,894,0.964583
1110,70,0.964541
1110,74,0.964541
70,1110,0.964541
74,1110,0.964541
1318,1311,0.964493
1292,876,0.964469
876,1292,0.964469
746,1292,0.964397
908,922,0.964365
922,908,0.964365
1315,515,0.964238
496,501,0.964225
1169,851,0.964167
382,1204,0.964003
1336,35,0.963952
35,1336,0.963952
842,1392,0.963938
931,739,0.963927
749,1321,0.963910
1276,1343,0.963722
245,500,0.963700
1391,388,0.963587
842,951,0.963558
907,1142,0.963537
843,1186,0.963527
1169,844,0.963519
876,317,0.963512
273,843,0.963491
1205,1215,0.963486
1215,1205,0.963486
401,402,0.963466
402,401,0.963466
204,191,0.963446
191,204,0.963446
743,745,0.963425
745,743,0.963425
141,139,0.963423
139,141,0.963423
832,289,0.963363
1151,1134,0.963312
506,657,0.963289
799,1154,0.963281
1154,799,0.963281
300,295,0.963258
1376,388,0.963205
287,832,0.963085
832,287,0.963085
901,907,0.963037
279,306,0.963029
1315,791,0.962966
904,908,0.962876
191,207,0.962797
207,191,0.962797
68,1288,0.962720
1288,68,0.962720
1157,1311,0.962691
910,905,0.962638
905,910,0.962638
1053,791,0.962542
1310,1306,0.962515
1096,768,0.962500
476,457,0.962482
31,1307,0.962471
1068,567,0.962240
567,1068,0.962240
568,519,0.962235
519,568,0.962235
749,1334,0.962233
905,1041,0.962166
1041,905,0.962166
345,1311,0.962148
35,1317,0.962128
126,143,0.962107
143,126,0.962107
1412,388,0.962083
173,208,0.962006
208,173,0.962006
227,221,0.961977
896,1160,0.961763
1160,896,0.961763
497,515,0.961746
793,1170,0.961670
1170,793,0.961670
930,567,0.961627
567,930,0.961627
909,910,0.961547
910,909,0.961547
401,409,0.961542
409,401,0.961542
680,689,0.961516
48,909,0.961514
1360,1159,0.961487
1159,1360,0.961487
924,1108,0.961462
201,158,0.961451
158,201,0.961451
959,954,0.961420
954,959,0.961420
1047,1046,0.961329
1046,1047,0.961329
478,479,0.961326
479,478,0.961326
837,244,0.961271
873,718,0.961243
514,512,0.961184
77,1268,0.961144
1082,1307,0.961116
65,1142,0.961090
1034,1068,0.961080
1068,1034,0.961080
462,463,0.961069
854,1156,0.961012
1156,854,0.961012
492,502,0.961002
1293,191,0.960977
384,1110,0.960915
452,451,0.960808
451,452,0.960808
414,382,0.960775
403,381,0.960752
700,267,0.960733
267,700,0.960733
219,191,0.960678
384,381,0.960420
852,388,0.960390
398,854,0.960374
984,873,0.960322
873,984,0.960322
1193,1110,0.960293
385,412,0.960283
412,385,0.960283
986,1277,0.960243
578,652,0.960236
345,1317,0.960198
487,842,0.960194
153,411,0.960180
364,327,0.960166
756,498,0.960126
273,1186,0.960090
1353,1352,0.960039
445,771,0.959967
771,445,0.959967
913,1067,0.959909
1067,913,0.959909
485,484,0.959864
484,485,0.959864
1061,1062,0.959839
1062,1061,0.959839
414,393,0.959814
1153,1159,0.959799
365,832,0.959756
836,98,0.959751
188,196,0.959722
1090,916,0.959605
227,200,0.959598
765,766,0.959581
173,194,0.959568
194,173,0.959568
1418,1416,0.959549
403,400,0.959547
533,534,0.959461
534,533,0.959461
1096,843,0.959456
727,644,0.959432
480,481,0.959411
481,480,0.959411
118,96,0.959401
96,118,0.959401
219,204,0.959366
204,219,0.959366
675,931,0.959327
364,375,0.959241
119,96,0.959237
96,119,0.959237
499,525,0.959178
1353,1349,0.959169
1082,1043,0.959127
1120,413,0.959089
207,219,0.959047
1302,291,0.959036
616,619,0.959032
619,616,0.959032
466,465,0.959031
836,916,0.959015
43,1068,0.959010
1036,739,0.958906
101,226,0.958903
482,54,0.958860
279,286,0.958785
451,381,0.958779
29,1409,0.958763
330,1310,0.958669
27,29,0.958667
188,179,0.958633
1090,492,0.958593
1126,1245,0.958460
1245,1126,0.958460
314,315,0.958448
315,314,0.958448
353,355,0.958445
353,354,0.958445
208,194,0.958414
194,208,0.958414
596,404,0.958414
813,474,0.958379
474,813,0.958379
287,285,0.958356
1153,228,0.958278
228,1153,0.958278
1114,1113,0.958276
1113,1114,0.958276
825,1403,0.958266
1418,723,0.958265
723,1418,0.958265
663,1132,0.958031
1132,663,0.958031
1170,596,0.957961
1376,404,0.957954
330,402,0.957903
957,1336,0.957860
783,785,0.957786
784,785,0.957786
785,783,0.957786
785,784,0.957786
497,864,0.957779
700,1245,0.957753
1245,700,0.957753
1157,1318,0.957661
595,907,0.957612
798,1277,0.957552
815,1277,0.957552
172,207,0.957545
1302,931,0.957504
975,126,0.957456
126,975,0.957456
654,578,0.957449
578,654,0.957449
654,652,0.957401
139,845,0.957369
845,139,0.957369
926,389,0.957344
971,850,0.957300
1004,1021,0.957267
1004,1023,0.957267
1314,515,0.957246
693,283,0.957189
505,515,0.957090
969,1045,0.957087
1045,969,0.957087
765,546,0.957052
725,580,0.957022
580,725,0.957022
919,836,0.956987
594,525,0.956926
595,901,0.956909
971,568,0.956885
568,971,0.956885
505,1376,0.956818
205,204,0.956758
255,445,0.956699
311,658,0.956670
658,311,0.956670
636,1419,0.956660
1419,636,0.956660
32,593,0.956621
519,1245,0.956606
954,1310,0.956584
656,402,0.956540
1412,852,0.956519
852,1412,0.956519
193,772,0.956502
245,404,0.956343
744,745,0.956309
641,56,0.956139
585,586,0.956086
586,585,0.956086
855,825,0.956046
825,855,0.956046
398,1073,0.956042
1073,398,0.956042
193,894,0.956015
623,307,0.956006
701,1400,0.955943
1400,701,0.955943
656,1142,0.955928
1045,267,0.955891
1165,65,0.955829
649,1156,0.955718
1156,649,0.955718
1114,1369,0.955700
92,332,0.955628
158,222,0.955625
32,596,0.955588
311,584,0.955498
584,311,0.955498
143,144,0.955484
144,143,0.955484
1036,291,0.955456
247,240,0.955451
1294,409,0.955431
1405,1275,0.955395
641,43,0.955344
1120,1134,0.955342
554,461,0.955269
1033,1056,0.955179
1056,1033,0.955179
888,1142,0.955178
487,881,0.955096
756,315,0.954974
315,756,0.954974
987,162,0.954972
162,987,0.954972
1363,1370,0.954955
1370,1363,0.954955
228,1172,0.954952
1172,228,0.954952
383,403,0.954861
127,1142,0.954784
682,738,0.954744
738,682,0.954744
554,457,0.954725
45,815,0.954666
45,798,0.954666
1389,1120,0.954663
853,1310,0.954660
175,176,0.954651
176,175,0.954651
1172,1043,0.954600
882,757,0.954571
757,882,0.954571
1148,219,0.954555
1161,1081,0.954398
1081,1161,0.954398
1087,1084,0.954315
1084,1087,0.954315
853,954,0.954112
965,1277,0.954096
486,172,0.954067
236,1310,0.954063
1380,1153,0.953961
1039,35,0.953877
840,793,0.953877
1293,207,0.953871
580,726,0.953805
726,580,0.953805
775,1307,0.953800
77,1257,0.953750
278,291,0.953722
913,172,0.953683
952,1277,0.953587
1132,802,0.953493
1323,406,0.953456
406,1323,0.953456
1073,409,0.953451
1097,98,0.953347
397,414,0.953201
963,220,0.953014
278,1307,0.952878
723,838,0.952856
838,723,0.952856
1405,1276,0.952852
775,1053,0.952766
1165,907,0.952736
800,1349,0.952725
623,624,0.952675
624,623,0.952675
203,202,0.952603
202,203,0.952603
896,1415,0.952549
365,355,0.952533
1097,1090,0.952475
205,206,0.952413
206,205,0.952413
797,568,0.952412
755,910,0.952408
594,1159,0.952299
649,1097,0.952291
898,901,0.952247
867,292,0.952243
292,867,0.952243
771,521,0.952180
839,286,0.952127
662,1389,0.952048
888,931,0.952031
149,652,0.951966
1033,905,0.951902
898,1172,0.951885
562,558,0.951879
558,562,0.951879
755,896,0.951803
1098,1038,0.951749
526,503,0.951697
703,1142,0.951611
817,820,0.951577
820,817,0.951577
976,978,0.951543
978,976,0.951543
80,86,0.951498
699,658,0.951435
658,699,0.951435
975,144,0.951417
144,975,0.951417
171,112,0.951416
112,171,0.951416
787,786,0.951334
786,787,0.951334
202,1293,0.951300
1081,1201,0.951283
1201,1081,0.951283
33,1258,0.951272
1049,1046,0.951261
1046,1049,0.951261
495,219,0.951107
1013,598,0.951086
598,1013,0.951086
928,962,0.951071
962,928,0.951071
1314,1315,0.951060
550,665,0.950967
665,550,0.950967
113,1267,0.950958
113,31,0.950784
1059,642,0.950783
642,1059,0.950783
750,291,0.950648
1148,207,0.950617
162,964,0.950610
495,413,0.950545
569,725,0.950545
797,519,0.950468
839,285,0.950460
609,1157,0.950452
787,788,0.950314
788,787,0.950314
838,497,0.950312
1407,495,0.950284
1339,1311,0.950252
146,149,0.950236
849,1169,0.950233
1303,931,0.950162
800,389,0.950113
199,194,0.950018
1196,1197,0.949999
1197,1196,0.949999
736,682,0.949889
841,842,0.949883
1069,193,0.949851
71,1225,0.949846
75,1225,0.949846
687,904,0.949823
603,509,0.949813
926,441,0.949800
441,926,0.949800
213,188,0.949763
482,58,0.949749
242,496,0.949742
642,826,0.949708
826,642,0.949708
1009,1000,0.949693
1000,1009,0.949693
383,381,0.949594
746,1110,0.949477
584,670,0.949443
670,584,0.949443
753,1380,0.949437
1380,753,0.949437
661,1010,0.949430
753,192,0.949368
192,753,0.949368
856,849,0.949367
163,909,0.949302
651,646,0.949265
560,1165,0.949236
919,854,0.949187
820,816,0.949144
816,820,0.949144
763,192,0.949096
651,647,0.949089
559,267,0.949056
1379,909,0.949052
867,829,0.948979
829,867,0.948979
537,345,0.948940
319,286,0.948931
450,413,0.948895
1030,716,0.948846
1047,1043,0.948783
1390,27,0.948745
223,907,0.948733
827,387,0.948725
661,152,0.948707
663,802,0.948700
827,408,0.948665
834,589,0.948659
589,834,0.948659
195,208,0.948652
1301,739,0.948644
845,1343,0.948612
616,522,0.948585
522,616,0.948585
856,857,0.948578
788,1052,0.948556
1052,788,0.948556
662,1134,0.948550
232,207,0.948532
769,1408,0.948513
1408,769,0.948513
50,1073,0.948510
1289,330,0.948469
476,461,0.948438
929,465,0.948418
1184,1389,0.948417
932,854,0.948415
1070,1050,0.948397
1050,1070,0.948397
531,291,0.948292
1007,1009,0.948271
1009,1007,0.948271
469,1306,0.948265
1303,291,0.948232
292,1268,0.948196
452,876,0.948156
214,158,0.948129
685,686,0.948036
686,685,0.948036
932,398,0.948031
757,952,0.947999
826,856,0.947985
636,825,0.947984
1138,1137,0.947959
1137,1138,0.947959
1354,389,0.947911
1301,1227,0.947897
962,1103,0.947830
1039,1336,0.947789
1035,113,0.947619
50,398,0.947611
1289,798,0.947532
163,1148,0.947526
563,223,0.947493
769,315,0.947459
1367,245,0.947421
493,48,0.947301
1340,1339,0.947211
1294,836,0.947169
63,244,0.947128
112,1275,0.947046
241,1142,0.947013
533,771,0.946994
33,1259,0.946951
778,788,0.946828
441,1159,0.946825
1072,1411,0.946824
1411,1072,0.946824
539,924,0.946792
1285,1322,0.946730
1322,1285,0.946730
1332,1339,0.946706
958,139,0.946698
504,380,0.946666
669,672,0.946596
672,669,0.946596
1074,1045,0.946582
1407,394,0.946580
274,977,0.946514
977,274,0.946514
704,693,0.946508
1056,1074,0.946506
1074,1056,0.946506
319,285,0.946493
1059,904,0.946485
154,654,0.946467
763,898,0.946455
469,1309,0.946435
418,1288,0.946407
1288,418,0.946407
80,84,0.946406
1124,487,0.946300
1228,279,0.946295
526,584,0.946279
1166,495,0.946276
1151,487,0.946274
1408,746,0.946263
1379,192,0.946254
799,1035,0.946252
1035,799,0.946252
171,381,0.946229
1129,917,0.946162
199,208,0.946155
135,1036,0.946137
1338,451,0.946118
929,460,0.946118
523,616,0.946091
329,332,0.946086
928,1294,0.946041
559,1047,0.946022
329,331,0.946017
685,688,0.945948
688,685,0.945948
914,172,0.945943
135,907,0.945932
447,380,0.945813
1112,1226,0.945788
609,1311,0.945768
1333,1337,0.945733
1337,1333,0.945733
1066,828,0.945680
828,1066,0.945680
764,954,0.945598
1098,42,0.945592
1222,1142,0.945581
1012,898,0.945562
537,957,0.945514
1070,641,0.945497
276,273,0.945404
41,50,0.945401
930,460,0.945259
560,121,0.945239
121,560,0.945239
1124,1199,0.945196
1199,1124,0.945196
224,92,0.945177
127,826,0.945170
1079,370,0.945014
942,519,0.944957
314,769,0.944944
47,967,0.944820
967,47,0.944820
587,560,0.944788
93,91,0.944731
91,93,0.944731
1062,194,0.944703
440,1389,0.944639
603,512,0.944576
1129,330,0.944563
1050,569,0.944553
569,1050,0.944553
858,909,0.944530
786,785,0.944520
115,172,0.944505
1007,725,0.944497
781,780,0.944491
780,781,0.944491
1202,1081,0.944445
49,172,0.944429
587,1120,0.944278
778,898,0.944256
1089,1009,0.944230
704,699,0.944219
1019,137,0.944215
137,1019,0.944215
1057,1052,0.944212
1052,1057,0.944212
1086,1087,0.944206
303,89,0.944203
1316,768,0.944193
1084,1086,0.944176
1086,1084,0.944176
1127,595,0.944127
531,1307,0.944087
1000,725,0.943948
232,1294,0.943912
963,226,0.943901
464,466,0.943859
1367,496,0.943730
1361,758,0.943674
758,1361,0.943674
589,139,0.943633
829,487,0.943627
629,380,0.943599
858,208,0.943588
1051,1050,0.943572
833,728,0.943558
728,833,0.943558
522,283,0.943353
513,514,0.943351
782,785,0.943282
478,171,0.943253
670,353,0.943176
206,204,0.943108
1361,760,0.943104
760,1361,0.943104
229,544,0.943028
229,540,0.943028
1368,776,0.943028
776,1368,0.943028
450,1409,0.943020
914,486,0.943010
840,503,0.942981
1008,1007,0.942957
1127,815,0.942934
1398,999,0.942931
999,1398,0.942931
479,1314,0.942912
834,1405,0.942885
504,839,0.942868
4,865,0.942853
4,864,0.942853
577,1275,0.942776
151,652,0.942656
1112,69,0.942633
342,546,0.942620
1133,365,0.942581
563,1033,0.942500
128,957,0.942480
998,999,0.942332
1072,1073,0.942309
1399,984,0.942266
453,1339,0.942261
432,435,0.942223
435,432,0.942223
719,885,0.942198
885,719,0.942198
63,243,0.942196
706,738,0.942189
671,1289,0.942168
1079,375,0.942099
707,693,0.942081
189,226,0.942072
518,1220,0.942038
493,1415,0.942034
637,753,0.942003
303,88,0.941969
1414,1316,0.941964
539,1344,0.941943
1066,139,0.941884
1122,829,0.941799
599,566,0.941790
566,599,0.941790
1026,282,0.941698
1368,1361,0.941653
967,1245,0.941546
637,240,0.941421
1008,1009,0.941392
344,1142,0.941345
518,986,0.941266
735,733,0.941235
733,735,0.941235
764,763,0.941114
666,673,0.941088
246,250,0.941085
250,246,0.941085
1228,715,0.941000
440,1184,0.940911
1029,716,0.940866
1013,567,0.940853
1122,867,0.940850
562,563,0.940850
1299,1300,0.940841
1300,1299,0.940841
970,493,0.940838
1085,1086,0.940835
1222,267,0.940835
915,1090,0.940834
1354,910,0.940824
1411,712,0.940596
958,766,0.940591
1414,1108,0.940492
195,1056,0.940396
549,1416,0.940391
95,87,0.940313
1189,1192,0.940228
1192,1189,0.940228
1362,1361,0.940220
1054,768,0.940209
1137,1078,0.940171
1078,1137,0.940171
121,1049,0.940112
1049,121,0.940112
57,55,0.940028
453,451,0.939981
247,239,0.939980
475,476,0.939965
740,616,0.939898
464,462,0.939885
1044,298,0.939881
619,796,0.939867
796,619,0.939867
106,107,0.939826
107,106,0.939826
709,371,0.939816
1111,367,0.939780
367,1111,0.939780
1155,797,0.939764
982,853,0.939701
304,839,0.939686
269,1399,0.939652
41,372,0.939626
189,211,0.939598
1121,1389,0.939569
209,246,0.939523
1044,299,0.939514
1138,727,0.939404
436,437,0.939354
437,436,0.939354
426,29,0.939327
385,393,0.939313
1163,587,0.939260
915,855,0.939255
969,1041,0.939251
754,394,0.939146
26,32,0.939037
1390,28,0.938989
1133,843,0.938943
341,765,0.938941
277,292,0.938901
1020,545,0.938864
1020,541,0.938864
707,288,0.938861
987,689,0.938845
269,999,0.938841
1121,292,0.938818
714,713,0.938786
713,714,0.938786
828,151,0.938715
304,353,0.938706
750,931,0.938603
198,228,0.938587
276,518,0.938499
686,687,0.938495
781,785,0.938377
117,268,0.938377
268,117,0.938377
1113,1369,0.938370
94,96,0.938363
203,172,0.938324
759,1368,0.938297
759,1361,0.938142
100,221,0.938139
697,703,0.938105
762,763,0.937886
1312,1414,0.937861
903,900,0.937728
903,897,0.937728
900,903,0.937728
897,903,0.937728
1012,778,0.937686
581,554,0.937555
1067,642,0.937490
942,1245,0.937411
1054,289,0.937378
134,132,0.937357
132,134,0.937357
1196,1195,0.937261
1195,1196,0.937261
513,509,0.937155
309,112,0.937000
598,567,0.936963
1242,742,0.936940
814,311,0.936933
484,460,0.936792
130,1089,0.936755
1089,130,0.936755
26,33,0.936754
250,253,0.936645
253,250,0.936645
142,558,0.936452
558,142,0.936452
1126,519,0.936402
234,228,0.936389
841,867,0.936381
610,768,0.936363
447,504,0.936289
1241,226,0.936229
524,715,0.936192
740,522,0.936167
814,387,0.936156
625,971,0.936039
697,688,0.936037
1322,537,0.935989
576,589,0.935989
523,522,0.935929
1239,380,0.935875
777,1055,0.935828
426,33,0.935757
577,768,0.935679
629,504,0.935632
1266,1108,0.935599
576,1289,0.935593
754,29,0.935568
948,202,0.935559
948,219,0.935540
47,1056,0.935501
1155,519,0.935372
1187,1190,0.935342
1190,1187,0.935342
889,885,0.935270
885,889,0.935270
816,817,0.935217
817,816,0.935217
1358,1359,0.935183
1359,1358,0.935183
1266,402,0.935161
989,725,0.934997
397,383,0.934977
780,785,0.934964
1239,311,0.934875
549,1417,0.934701
565,566,0.934670
566,565,0.934670
1111,718,0.934631
665,679,0.934626
953,289,0.934545
534,286,0.934542
90,589,0.934506
1051,457,0.934460
621,622,0.934441
622,621,0.934441
1285,537,0.934431
1394,994,0.934414
994,1394,0.934414
1395,1394,0.934408
268,50,0.934386
187,205,0.934380
140,269,0.934372
90,1142,0.934339
1241,342,0.934249
234,1066,0.934236
995,994,0.934158
396,1323,0.934116
1323,396,0.934116
879,584,0.934021
313,1288,0.934013
111,108,0.933948
108,111,0.933948
1141,328,0.933878
959,1111,0.933821
1141,333,0.933814
346,342,0.933764
1370,758,0.933681
721,740,0.933654
1274,1290,0.933532
1290,1274,0.933532
344,50,0.933420
312,268,0.933402
111,1275,0.933392
156,155,0.933320
155,156,0.933320
1083,4,0.933275
968,223,0.933239
209,253,0.933216
494,493,0.933195
296,297,0.933131
68,418,0.933095
418,68,0.933095
103,104,0.933092
104,103,0.933092
565,539,0.932998
762,780,0.932974
130,554,0.932916
1242,745,0.932836
1199,557,0.932834
557,1199,0.932834
862,1228,0.932760
187,204,0.932747
140,1289,0.932712
477,478,0.932667
710,374,0.932618
106,958,0.932514
1166,219,0.932429
1027,1029,0.932399
921,353,0.932366
1235,105,0.932255
105,1235,0.932255
261,1263,0.932229
1092,656,0.932211
145,712,0.932205
488,484,0.932190
434,430,0.932180
430,434,0.932180
809,839,0.932158
1061,127,0.932118
439,382,0.931955
695,1414,0.931847
128,1340,0.931801
1069,194,0.931770
557,663,0.931766
741,703,0.931754
275,314,0.931615
91,189,0.931601
879,526,0.931588
320,771,0.931557
579,285,0.931496
612,312,0.931451
312,612,0.931451
719,718,0.931366
117,312,0.931217
406,533,0.931188
309,832,0.931132
494,1169,0.931123
953,307,0.931070
710,708,0.931036
708,710,0.931036
709,710,0.930895
254,247,0.930808
176,898,0.930699
600,1141,0.930626
142,557,0.930590
1359,1363,0.930498
1363,1359,0.930498
947,89,0.930469
1161,1201,0.930457
1092,402,0.930405
449,397,0.930393
116,766,0.930374
277,867,0.930366
551,312,0.930283
713,668,0.930243
889,541,0.930225
884,940,0.930168
940,884,0.930168
698,904,0.930112
659,695,0.930060
695,659,0.930060
320,1310,0.930005
556,562,0.930000
1232,111,0.929989
721,718,0.929957
145,715,0.929906
1378,1163,0.929906
1163,1378,0.929906
1192,1016,0.929900
1016,1192,0.929900
970,494,0.929891
993,996,0.929880
996,993,0.929880
141,958,0.929876
1362,1368,0.929859
667,855,0.929767
434,1219,0.929763
1219,434,0.929763
741,162,0.929741
1346,569,0.929703
982,656,0.929669
190,175,0.929570
175,190,0.929570
477,1314,0.929500
1246,117,0.929463
1326,1285,0.929454
1015,900,0.929341
1015,897,0.929341
812,46,0.929300
46,812,0.929300
708,709,0.929290
1346,725,0.929174
198,1172,0.929102
346,889,0.929016
530,717,0.929003
1246,118,0.928944
809,521,0.928875
155,1141,0.928831
1393,993,0.928818
1396,996,0.928767
1214,428,0.928715
428,1214,0.928715
1420,894,0.928647
666,692,0.928618
1328,1329,0.928611
1329,1328,0.928611
93,189,0.928601
261,242,0.928528
530,1311,0.928441
392,320,0.928374
597,598,0.928351
1420,1289,0.928200
862,1072,0.928142
475,554,0.928103
1337,1326,0.928093
1326,1337,0.928093
392,143,0.927991
1290,523,0.927886
625,850,0.927840
439,292,0.927567
1146,1377,0.927554
1377,1146,0.927554
921,1239,0.927417
85,110,0.927298
110,85,0.927298
481,319,0.927260
579,302,0.927258
831,926,0.927243
437,434,0.927217
294,1268,0.927179
660,683,0.927167
416,1376,0.927086
415,1376,0.927086
777,548,0.927073
1419,825,0.927003
1378,1377,0.926870
1377,1378,0.926870
774,307,0.926824
586,582,0.926619
582,586,0.926619
947,88,0.926520
833,839,0.926350
218,486,0.926320
524,712,0.926304
968,224,0.926210
218,778,0.926193
613,616,0.926153
892,893,0.926036
893,892,0.926036
831,1159,0.925927
136,1052,0.925799
123,856,0.925717
1358,1341,0.925672
1341,1358,0.925672
610,750,0.925663
773,1150,0.925615
1150,773,0.925615
1319,882,0.925581
732,460,0.925395
570,126,0.925370
237,1303,0.925249
161,150,0.925013
150,161,0.925013
367,1326,0.924963
532,143,0.924878
157,155,0.924829
1296,994,0.924792
294,1271,0.924749
1278,1327,0.924671
1327,1278,0.924671
1291,1239,0.924663
1104,127,0.924641
1057,788,0.924547
796,616,0.924410
275,769,0.924408
983,386,0.924382
1304,1266,0.924345
939,950,0.924316
950,939,0.924316
1347,1340,0.924078
1083,496,0.923990
782,781,0.923927
1011,968,0.923918
961,928,0.923898
1335,952,0.923882
1011,969,0.923827
732,1368,0.923799
1296,1395,0.923784
1304,220,0.923742
449,400,0.923735
123,857,0.923672
774,306,0.923534
551,41,0.923155
103,1145,0.922981
1145,103,0.922981
5,826,0.922794
480,798,0.922656
696,675,0.922517
433,428,0.922494
428,433,0.922494
1135,644,0.922482
116,119,0.922407
872,356,0.922386
1341,468,0.922378
468,1341,0.922378
1329,1285,0.922348
632,975,0.922304
790,616,0.922269
1147,1420,0.922243
694,312,0.922034
1335,882,0.922011
1319,952,0.921908
271,663,0.921871
612,96,0.921839
1298,1297,0.921672
1297,1298,0.921672
701,1127,0.921638
148,1007,0.921633
790,613,0.921446
613,790,0.921446
945,717,0.921386
271,121,0.921307
694,347,0.921219
1104,162,0.921145
1078,1138,0.921035
980,863,0.920932
863,980,0.920932
1216,420,0.920913
420,1216,0.920913
1280,1316,0.920696
983,1204,0.920614
1195,1197,0.920594
1197,1195,0.920594
1071,1131,0.920387
1131,1071,0.920387
944,283,0.920320
1400,1114,0.920275
1291,353,0.920237
136,779,0.920132
270,269,0.920083
892,610,0.920078
911,1141,0.920047
38,139,0.920008
944,286,0.920006
251,264,0.919859
251,266,0.919859
468,1368,0.919699
238,232,0.919682
956,699,0.919508
822,509,0.919497
1347,769,0.919411
1152,1257,0.919276
1214,219,0.919237
585,578,0.918956
272,275,0.918897
1071,1377,0.918839
659,707,0.918812
313,814,0.918735
1324,314,0.918648
1135,1078,0.918490
582,213,0.918322
1365,789,0.918216
1131,1122,0.918096
296,300,0.917907
1063,280,0.917832
280,1063,0.917832
752,838,0.917751
159,445,0.917705
822,603,0.917663
133,134,0.917646
134,133,0.917646
961,785,0.917282
254,76,0.917140
890,970,0.917139
581,580,0.917119
190,565,0.917073
550,699,0.917003
696,695,0.916951
945,715,0.916882
660,678,0.916880
1219,437,0.916870
812,1210,0.916812
120,445,0.916780
1324,1321,0.916765
46,932,0.916691
1014,1016,0.916663
1016,1014,0.916663
990,727,0.916571
433,837,0.916483
728,1329,0.916435
614,751,0.916335
751,618,0.916335
751,614,0.916335
618,751,0.916335
532,534,0.916309
274,493,0.916133
1365,512,0.916107
23,145,0.915982
1205,251,0.915831
238,247,0.915824
1014,1202,0.915814
570,745,0.915766
1231,718,0.915710
1094,989,0.915671
1152,1113,0.915609
819,370,0.915380
1174,110,0.915350
110,1174,0.915350
1115,1313,0.915206
1313,1115,0.915206
1278,1328,0.915119
249,247,0.915081
1281,1316,0.915078
1297,1302,0.915001
1019,255,0.914853
430,437,0.914808
599,565,0.914690
600,371,0.914484
472,391,0.914436
391,472,0.914436
1095,1138,0.914314
973,1203,0.914242
1203,973,0.914242
752,1258,0.914178
396,533,0.914121
1388,773,0.914114
773,1388,0.914114
711,874,0.914064
874,711,0.914064
38,312,0.914062
872,117,0.913963
819,765,0.913845
1320,1278,0.913791
516,1061,0.913663
436,1219,0.913649
733,513,0.913569
1325,1206,0.913517
431,426,0.913426
556,558,0.913334
767,1056,0.913269
956,178,0.913247
737,56,0.913195
1388,394,0.913132
807,1213,0.913002
1330,35,0.912965
1123,1108,0.912844
467,219,0.912777
597,758,0.912664
467,896,0.912628
1149,1145,0.912603
1145,1149,0.912603
1325,377,0.912409
473,472,0.912394
472,473,0.912394
1387,1386,0.912182
1386,1387,0.912182
821,817,0.912069
737,55,0.911963
6,1412,0.911919
280,209,0.911549
988,839,0.911508
249,248,0.911366
248,249,0.911366
807,1211,0.911347
1371,885,0.911343
1191,694,0.911196
615,975,0.911156
711,1375,0.911072
1375,711,0.911072
1187,1414,0.911038
53,662,0.910722
474,1288,0.910654
443,1104,0.910649
270,513,0.910584
813,814,0.910495
6,852,0.910400
1404,1411,0.910398
1177,202,0.910393
168,1143,0.909937
1143,168,0.909937
1305,1203,0.909901
1203,1305,0.909901
868,474,0.909808
168,885,0.909756
248,247,0.909638
1406,1420,0.909605
390,397,0.909587
1330,345,0.909546
604,602,0.909289
602,604,0.909289
23,712,0.908960
1107,521,0.908945
848,213,0.908849
1279,50,0.908576
1375,874,0.908554
1215,191,0.908446
442,1104,0.908285
1229,625,0.908276
1231,342,0.908216
1191,892,0.908067
147,654,0.908056
624,1239,0.907995
631,1100,0.907982
399,410,0.907965
410,399,0.907965
761,1070,0.907931
1366,453,0.907917
627,770,0.907886
770,627,0.907886
770,628,0.907886
628,770,0.907886
920,715,0.907869
1371,699,0.907150
53,825,0.907100
1279,338,0.907032
918,1237,0.907002
1237,918,0.907002
1355,130,0.906992
869,1079,0.906932
1123,686,0.906893
1177,1293,0.906868
39,134,0.906524
803,1242,0.906501
1404,1061,0.906356
821,819,0.906331
1109,509,0.906035
62,625,0.906008
520,1089,0.905909
37,127,0.905873
85,975,0.905780
1287,903,0.905334
150,126,0.905216
615,522,0.905038
64,164,0.904955
621,652,0.904917
893,610,0.904807
1146,1378,0.904495
988,469,0.904477
575,1187,0.904269
5,856,0.904269
1109,668,0.904201
890,97,0.904106
97,890,0.904106
359,890,0.903855
2,973,0.903723
973,2,0.903723
1348,975,0.903687
1150,1407,0.903633
767,1011,0.903518
776,1362,0.903326
920,439,0.903302
1107,469,0.903152
137,863,0.903056
863,137,0.903056
170,155,0.902952
133,303,0.902900
622,652,0.902797
318,550,0.902615
980,737,0.902577
1237,889,0.902375
160,361,0.902138
361,160,0.902138
972,1029,0.902137
575,108,0.902033
421,384,0.901953
1247,1308,0.901877
1308,1247,0.901877
761,1000,0.901832
1402,602,0.901755
1099,1070,0.901695
318,699,0.901434
806,469,0.901418
887,1137,0.901374
848,586,0.901327
895,175,0.901074
359,219,0.900820
1174,859,0.900575
859,1174,0.900575
40,38,0.900550
830,442,0.900371
