from,to,distance
1716,1717,1.000000
1411,1357,1.000000
1357,1411,1.000000
797,791,1.000000
522,520,1.000000
1717,1716,1.000000
1467,1468,1.000000
1521,854,1.000000
520,522,1.000000
1676,1675,1.000000
1675,1676,1.000000
646,645,1.000000
1523,1320,1.000000
1468,1467,1.000000
645,646,1.000000
791,797,1.000000
1320,1523,1.000000
939,940,1.000000
854,1521,1.000000
940,939,1.000000
39,26,1.000000
26,39,1.000000
1828,1827,1.000000
1827,1828,1.000000
1718,1719,1.000000
1719,1718,1.000000
1142,1522,1.000000
1522,1142,1.000000
1506,1520,1.000000
1298,1299,1.000000
1299,1298,1.000000
1520,1506,1.000000
1236,1235,1.000000
1235,1236,1.000000
1957,1968,1.000000
1968,1957,1.000000
1174,1363,1.000000
1363,1174,1.000000
155,154,0.999999
154,155,0.999999
1698,1697,0.999968
1697,1698,0.999968
1338,1142,0.999959
1338,1522,0.999959
1522,1338,0.999959
1142,1338,0.999959
1341,1345,0.999914
1345,1341,0.999914
592,215,0.994489
215,592,0.994489
1374,1360,0.992576
1360,1374,0.992576
1094,1109,0.992099
1109,1094,0.992099
1094,1128,0.991072
1128,1094,0.991072
1174,1120,0.990807
1120,1363,0.990807
1120,1174,0.990807
1363,1120,0.990807
1147,1228,0.990656
1228,1147,0.990656
1165,1228,0.990349
1228,1165,0.990349
1109,1096,0.989643
1096,1109,0.989643
1096,1128,0.989336
1128,1096,0.989336
1360,1369,0.988523
1369,1360,0.988523
1369,1374,0.988110
1374,1369,0.988110
1105,1228,0.988016
1165,1171,0.988006
1171,1165,0.988006
1168,1128,0.987901
1130,1120,0.987787
1105,1165,0.987683
1177,1128,0.986870
1168,1094,0.985564
1130,1174,0.984826
1171,1228,0.984412
162,163,0.984371
163,162,0.984371
1177,1168,0.984004
1378,1374,0.982879
1147,1165,0.982407
1131,1128,0.982158
1100,1228,0.981395
1131,1168,0.980486
1378,1360,0.980296
2013,2012,0.980095
2012,2013,0.980095
1246,1250,0.978471
1250,1246,0.978471
1100,1165,0.978356
1123,1171,0.978285
1312,1315,0.977555
1315,1312,0.977555
1126,1120,0.977491
540,87,0.977353
87,540,0.977353
1376,1378,0.977051
1583,1582,0.977022
1582,1583,0.977022
1123,1105,0.976792
1144,1128,0.976670
1126,1100,0.976629
1144,1105,0.976214
994,981,0.975616
981,994,0.975616
981,1479,0.975157
1479,981,0.975157
1330,1334,0.974974
1334,1330,0.974974
1525,1526,0.974530
1526,1525,0.974530
379,540,0.974493
540,379,0.974493
1376,1369,0.973802
1455,1451,0.971440
1451,1455,0.971440
1330,1324,0.971369
1324,1330,0.971369
1129,1148,0.971319
1148,1129,0.971319
1019,916,0.970827
916,1019,0.970827
970,1435,0.970682
1435,970,0.970682
942,954,0.970327
954,942,0.970327
1245,1256,0.970032
1256,1245,0.970032
942,943,0.969666
943,942,0.969666
819,932,0.968958
932,819,0.968958
1217,1221,0.968806
1221,1217,0.968806
2063,1652,0.968729
1652,2063,0.968729
130,574,0.968513
574,130,0.968513
954,991,0.968211
991,954,0.968211
496,574,0.968172
574,496,0.968172
676,1822,0.967890
1822,676,0.967890
1324,1334,0.967533
1334,1324,0.967533
1428,1016,0.967115
1016,1428,0.967115
1464,1120,0.967060
871,1120,0.967010
1375,1424,0.966952
1424,1375,0.966952
1464,1363,0.966945
871,1079,0.966941
1079,871,0.966941
945,942,0.966685
1479,994,0.966489
994,1479,0.966489
87,379,0.966472
379,87,0.966472
970,2048,0.966020
2048,970,0.966020
943,945,0.965865
945,943,0.965865
1062,1064,0.965369
1064,1062,0.965369
1587,1574,0.965013
1574,1587,0.965013
829,804,0.964792
804,829,0.964792
738,550,0.964699
550,738,0.964699
916,1163,0.964610
1163,916,0.964610
846,821,0.964171
821,846,0.964171
1216,1105,0.964139
661,1770,0.964135
1770,661,0.964135
345,1862,0.964054
1862,345,0.964054
1481,1184,0.963893
1184,1481,0.963893
30,102,0.963682
102,30,0.963682
953,1172,0.963682
1172,953,0.963682
102,379,0.963405
947,942,0.963323
1018,1363,0.963225
1018,1174,0.963225
1573,1574,0.962990
1574,1573,0.962990
1140,1095,0.962807
1095,1140,0.962807
1172,1174,0.962802
1060,1018,0.962403
130,931,0.962354
931,130,0.962354
864,830,0.962199
830,864,0.962199
1051,1441,0.962170
1441,1051,0.962170
944,954,0.962146
1184,1126,0.962081
496,130,0.961973
100,952,0.961497
952,100,0.961497
1249,1256,0.961391
1256,1249,0.961391
172,1673,0.961386
1673,172,0.961386
1936,87,0.961381
891,1060,0.960783
1060,891,0.960783
1481,1120,0.960749
1216,1165,0.960714
1489,1488,0.960693
1488,1489,0.960693
819,947,0.960490
947,819,0.960490
949,574,0.960337
821,827,0.960148
827,821,0.960148
272,574,0.960135
827,846,0.959847
846,827,0.959847
1348,1131,0.959827
1285,1060,0.959624
1151,1141,0.959595
1141,1151,0.959595
944,947,0.959554
195,1574,0.959269
1453,1484,0.959192
1484,1453,0.959192
1222,1221,0.959154
1221,1222,0.959154
1387,1424,0.959093
1424,1387,0.959093
1310,1464,0.959058
1368,1421,0.959038
1421,1368,0.959038
826,846,0.958569
864,846,0.958374
1117,823,0.958366
823,1117,0.958366
1435,1054,0.957976
1054,1435,0.957976
1310,1120,0.957973
1348,1177,0.957683
1102,985,0.957606
985,1102,0.957606
836,944,0.957483
1365,970,0.957249
0,568,0.957178
568,0,0.957178
1307,970,0.957138
789,146,0.957089
146,789,0.957089
950,944,0.957030
1245,1184,0.956912
1266,1363,0.956723
1266,1174,0.956723
866,889,0.956697
889,866,0.956697
1936,379,0.956569
894,1363,0.956552
894,1174,0.956552
1517,1152,0.956407
1152,1517,0.956407
826,827,0.956186
891,1464,0.956154
801,819,0.956105
1182,364,0.956099
364,1182,0.956099
680,574,0.955986
618,769,0.955846
769,618,0.955846
1061,1266,0.955812
889,931,0.955594
931,889,0.955594
1102,953,0.955546
953,1102,0.955546
932,801,0.955498
801,932,0.955498
1767,146,0.955340
146,1767,0.955340
501,1770,0.955326
1770,501,0.955326
830,821,0.955290
955,945,0.955107
1484,970,0.955044
856,1183,0.954776
1183,856,0.954776
2071,950,0.954671
950,2071,0.954671
1377,871,0.954663
491,1836,0.954436
1836,491,0.954436
807,819,0.954431
955,943,0.954308
1442,981,0.954194
879,915,0.954144
915,879,0.954144
183,0,0.954050
0,183,0.954050
1343,1377,0.953907
1377,1343,0.953907
991,547,0.953892
547,991,0.953892
2048,1435,0.953846
1887,1586,0.953760
1586,1887,0.953760
1022,496,0.953416
1421,2066,0.953412
2066,1421,0.953412
84,1586,0.953378
1586,84,0.953378
2089,605,0.953243
605,2089,0.953243
1095,818,0.953131
818,1095,0.953131
637,1764,0.953043
1764,637,0.953043
1141,871,0.952989
1418,1356,0.952927
1356,1418,0.952927
1019,1266,0.952842
1117,830,0.952813
612,491,0.952788
491,612,0.952788
1681,1669,0.952767
1669,1681,0.952767
1054,970,0.952637
1384,1141,0.952602
1750,1054,0.952529
425,47,0.952506
47,425,0.952506
870,336,0.952418
336,870,0.952418
963,931,0.952387
963,146,0.952262
1135,1421,0.952254
408,136,0.952229
136,408,0.952229
1385,1343,0.952118
1343,1385,0.952118
565,338,0.952001
338,565,0.952001
1375,1432,0.951980
1432,1375,0.951980
1528,870,0.951946
870,1528,0.951946
789,1767,0.951935
1767,789,0.951935
1384,1245,0.951923
84,1587,0.951831
1587,84,0.951831
680,130,0.951783
1453,1343,0.951780
807,864,0.951746
1271,906,0.951621
906,1271,0.951621
1801,1533,0.951620
1533,1801,0.951620
1058,1062,0.951617
1062,1058,0.951617
1250,1342,0.951556
1342,1250,0.951556
1151,1165,0.951555
1240,1368,0.951510
1368,1240,0.951510
1286,1172,0.951494
1286,1464,0.951368
1307,1474,0.951306
1474,1307,0.951306
888,1228,0.951274
1387,1375,0.951182
859,856,0.951053
856,859,0.951053
1202,1310,0.951046
1436,1481,0.951038
1506,1392,0.950995
1520,1392,0.950995
1392,1506,0.950995
1392,1520,0.950995
1442,1151,0.950974
1474,1172,0.950953
114,944,0.950916
1246,1245,0.950723
815,944,0.950720
425,45,0.950710
45,425,0.950710
1416,856,0.950552
1136,1289,0.950478
1289,1136,0.950478
1041,272,0.950392
272,1041,0.950392
1202,1105,0.950332
1432,1424,0.950332
2058,1054,0.950326
346,1810,0.950325
1810,346,0.950325
1426,1061,0.950319
1061,1426,0.950319
949,874,0.950299
874,949,0.950299
810,819,0.950260
1365,1019,0.950253
751,146,0.950214
1078,957,0.950195
957,1078,0.950195
1313,1105,0.950132
952,515,0.950043
515,952,0.950043
1277,1349,0.949873
1349,1277,0.949873
1441,680,0.949825
823,751,0.949697
751,823,0.949697
815,895,0.949668
895,815,0.949668
1326,1105,0.949666
874,1022,0.949569
1022,874,0.949569
1148,964,0.949535
964,1148,0.949535
829,821,0.949508
18,84,0.949363
1486,1330,0.949262
1240,1421,0.949234
1093,1151,0.949191
774,186,0.949143
186,774,0.949143
1312,1134,0.949036
1134,1312,0.949036
214,1571,0.948978
1571,214,0.948978
915,1305,0.948974
1305,915,0.948974
1719,102,0.948878
1718,102,0.948878
896,637,0.948873
637,896,0.948873
730,1770,0.948844
1247,1243,0.948830
1243,1247,0.948830
1212,1191,0.948787
1191,1212,0.948787
786,130,0.948730
724,94,0.948726
94,724,0.948726
806,808,0.948703
808,806,0.948703
1107,914,0.948698
914,1107,0.948698
136,612,0.948567
612,136,0.948567
958,801,0.948483
1285,1266,0.948439
1418,1141,0.948418
1023,1362,0.948374
1362,1023,0.948374
1566,1600,0.948360
1600,1566,0.948360
860,1202,0.948335
1599,214,0.948327
214,1599,0.948327
875,819,0.948212
985,953,0.948139
2062,442,0.948135
442,2062,0.948135
1415,1102,0.948117
1874,492,0.948098
492,1874,0.948098
964,1216,0.948042
1836,612,0.948027
47,45,0.948023
45,47,0.948023
10,1566,0.947985
1566,10,0.947985
1455,1445,0.947954
1445,1455,0.947954
1099,1167,0.947925
1167,1099,0.947925
114,991,0.947922
1289,0,0.947913
888,1147,0.947912
1893,1770,0.947833
1427,1378,0.947810
1275,915,0.947769
494,612,0.947729
1388,1394,0.947642
1394,1388,0.947642
1336,1307,0.947638
879,911,0.947638
911,879,0.947638
239,1054,0.947532
515,442,0.947468
442,515,0.947468
820,870,0.947275
1706,1707,0.947156
1707,1706,0.947156
1449,1316,0.947013
1316,1449,0.947013
1684,656,0.947009
656,1684,0.947009
774,496,0.946992
1573,1587,0.946988
1079,1120,0.946946
887,819,0.946931
1416,931,0.946907
181,637,0.946906
1669,1671,0.946888
1671,1669,0.946888
494,1440,0.946874
1440,494,0.946874
873,1289,0.946863
948,89,0.946748
89,948,0.946748
1135,1368,0.946697
1426,970,0.946663
1262,1031,0.946517
1031,1262,0.946517
1023,1093,0.946497
1093,1023,0.946497
810,887,0.946454
887,810,0.946454
2089,1972,0.946452
1972,2089,0.946452
896,114,0.946450
946,819,0.946276
914,1058,0.946262
1058,914,0.946262
806,817,0.946237
817,806,0.946237
800,806,0.946181
1014,1006,0.946134
1006,1014,0.946134
1567,1719,0.946059
1567,1718,0.946059
1422,952,0.945884
1483,1384,0.945829
1244,952,0.945825
724,1566,0.945824
195,84,0.945715
10,1600,0.945621
1600,10,0.945621
1070,888,0.945361
1010,774,0.945338
1267,1495,0.945294
1495,1267,0.945294
1294,1377,0.945262
2018,1290,0.945249
1290,2018,0.945249
1532,114,0.945235
1090,1151,0.945204
1099,828,0.945169
828,1099,0.945169
911,1152,0.945076
1152,911,0.945076
183,405,0.945073
405,183,0.945073
836,954,0.945036
907,819,0.944907
1477,1461,0.944884
1461,1477,0.944884
1041,130,0.944866
1789,458,0.944729
458,1789,0.944729
105,1719,0.944640
105,1718,0.944640
946,801,0.944605
1140,818,0.944600
818,1140,0.944600
1010,186,0.944510
186,1010,0.944510
2066,1266,0.944508
346,612,0.944439
845,1386,0.944385
1386,845,0.944385
20,1587,0.944373
1031,1284,0.944252
1284,1031,0.944252
691,540,0.944225
564,1574,0.944200
1305,1152,0.944173
603,336,0.944140
336,603,0.944140
1006,1481,0.944076
834,143,0.944063
143,834,0.944063
429,419,0.944028
419,429,0.944028
295,782,0.943954
782,295,0.943954
564,20,0.943921
20,564,0.943921
786,680,0.943837
907,826,0.943815
1501,1099,0.943703
1655,442,0.943680
844,915,0.943653
1838,2043,0.943598
2043,1838,0.943598
783,773,0.943567
773,783,0.943567
1649,19,0.943380
19,1649,0.943380
1892,952,0.943284
1532,818,0.943218
1874,454,0.943051
454,1874,0.943051
1518,1310,0.943041
1427,1374,0.942962
1358,899,0.942949
899,1358,0.942949
1844,379,0.942929
479,1566,0.942926
1303,1362,0.942854
1362,1303,0.942854
1101,944,0.942751
1445,1451,0.942630
1451,1445,0.942630
1326,1202,0.942589
675,30,0.942527
30,675,0.942527
1844,102,0.942514
1892,1655,0.942413
1655,1892,0.942413
333,491,0.942375
1303,1224,0.942276
1224,1303,0.942276
2004,18,0.942265
18,2004,0.942265
1518,1384,0.942235
860,964,0.942201
1027,1216,0.942187
798,807,0.942134
429,253,0.942066
253,429,0.942066
691,87,0.941900
603,870,0.941848
1415,985,0.941814
1801,1016,0.941661
1016,1801,0.941661
1005,914,0.941586
1342,1246,0.941551
622,1764,0.941530
1764,622,0.941530
1500,1533,0.941491
1533,1500,0.941491
1244,1041,0.941479
499,2006,0.941478
2006,499,0.941478
2090,736,0.941476
736,2090,0.941476
364,1836,0.941422
899,1506,0.941421
459,492,0.941393
492,459,0.941393
661,501,0.941362
501,661,0.941362
1264,130,0.941352
1440,1446,0.941296
1446,1440,0.941296
1446,952,0.941061
875,801,0.940955
605,1972,0.940938
1972,605,0.940938
1739,1573,0.940905
1217,1222,0.940889
1222,1217,0.940889
1059,1245,0.940868
1802,924,0.940817
924,1802,0.940817
2058,1435,0.940778
1101,1140,0.940677
725,1623,0.940428
1623,725,0.940428
929,889,0.940410
306,1990,0.940400
1990,306,0.940400
1346,364,0.940303
798,819,0.940298
8,57,0.940146
57,8,0.940146
405,0,0.940089
1509,1010,0.940074
1486,1184,0.940004
1294,1336,0.939903
1336,1294,0.939903
297,1836,0.939786
1501,1336,0.939693
1408,1267,0.939673
1267,1408,0.939673
857,816,0.939653
816,857,0.939653
1436,1330,0.939562
1955,491,0.939515
1519,1294,0.939495
1394,1102,0.939440
443,896,0.939439
778,379,0.939395
1264,931,0.939391
19,195,0.939387
723,442,0.939366
890,1440,0.939223
1107,1392,0.939162
1447,996,0.939160
996,1447,0.939160
1134,1315,0.939091
1315,1134,0.939091
1356,1348,0.939078
1893,661,0.938906
1033,1274,0.938900
1274,1033,0.938900
1500,963,0.938782
1499,914,0.938779
820,1764,0.938639
850,946,0.938605
978,846,0.938510
924,873,0.938450
873,924,0.938450
1467,1134,0.938445
1468,1134,0.938445
866,949,0.938394
929,963,0.938386
1748,1836,0.938363
1070,1348,0.938238
568,1289,0.938236
547,942,0.938194
420,675,0.938100
675,420,0.938100
4,46,0.938083
46,4,0.938083
686,664,0.938057
664,686,0.938057
1262,952,0.937968
937,1014,0.937949
1014,937,0.937949
1313,1228,0.937933
681,492,0.937899
1517,1273,0.937774
1273,1517,0.937774
857,823,0.937758
1509,1289,0.937694
286,1936,0.937685
333,1802,0.937551
1802,333,0.937551
1352,1330,0.937540
1182,924,0.937446
800,819,0.937425
1497,1368,0.937387
1470,1418,0.937376
828,1196,0.937343
1196,828,0.937343
1822,442,0.937310
1275,869,0.937307
869,1275,0.937307
474,515,0.937296
725,1578,0.937248
1578,725,0.937248
1119,915,0.937247
1349,1099,0.937122
1027,1006,0.937114
918,911,0.937084
1280,1041,0.936934
1278,1031,0.936924
3,6,0.936911
6,3,0.936911
769,171,0.936896
171,769,0.936896
1810,491,0.936867
622,20,0.936864
951,1031,0.936855
181,896,0.936833
804,932,0.936831
239,2058,0.936818
15,564,0.936791
937,1421,0.936760
67,900,0.936603
900,67,0.936603
1136,1022,0.936577
456,183,0.936564
1332,1349,0.936559
880,515,0.936547
1497,1266,0.936547
1495,1364,0.936507
1364,1495,0.936507
331,1665,0.936470
1665,331,0.936470
1346,1291,0.936449
1291,1346,0.936449
204,870,0.936396
948,1041,0.936312
1321,1184,0.936223
1280,948,0.936187
869,915,0.936057
1665,1700,0.936010
1700,1665,0.936010
1163,970,0.935974
1739,1574,0.935970
1881,46,0.935964
46,1881,0.935964
1681,1671,0.935950
1671,1681,0.935950
978,819,0.935939
233,297,0.935926
297,233,0.935926
958,961,0.935908
961,958,0.935908
1399,1429,0.935902
1429,1399,0.935902
1422,1212,0.935828
1212,1422,0.935828
1265,915,0.935805
4,531,0.935699
531,4,0.935699
2051,880,0.935698
880,2051,0.935698
1118,944,0.935543
2004,1846,0.935529
1846,2004,0.935529
1352,1324,0.935476
1160,1349,0.935474
125,588,0.935441
588,125,0.935441
1750,1435,0.935429
1483,1256,0.935419
1224,883,0.935384
883,1224,0.935384
1002,1418,0.935363
1149,1408,0.935281
1408,1149,0.935281
1183,1273,0.935185
1273,1183,0.935185
1748,364,0.935062
389,1680,0.935046
1680,389,0.935046
996,1031,0.935027
134,94,0.935014
94,134,0.935014
1589,150,0.934983
150,1589,0.934983
1090,1312,0.934982
1385,1061,0.934940
1493,1343,0.934852
824,987,0.934844
987,824,0.934844
519,1972,0.934795
1321,1151,0.934687
1187,364,0.934658
1528,603,0.934651
1714,363,0.934636
363,1714,0.934636
1399,1518,0.934628
171,1967,0.934593
1967,171,0.934593
1492,994,0.934462
1051,931,0.934429
961,801,0.934349
15,587,0.934330
587,15,0.934330
1332,1307,0.934313
834,815,0.934229
1229,1271,0.934204
1271,1229,0.934204
1002,1141,0.934201
1339,1152,0.934192
1887,1600,0.934173
897,964,0.934172
895,947,0.934151
1118,815,0.934115
100,515,0.934013
587,820,0.933977
1121,815,0.933935
1078,1224,0.933880
1876,491,0.933800
1205,1224,0.933762
1066,1196,0.933707
1196,1066,0.933707
1379,1422,0.933599
285,1421,0.933592
841,902,0.933554
902,841,0.933554
1819,494,0.933489
1605,1784,0.933482
1784,1605,0.933482
454,492,0.933375
1291,1182,0.933352
906,1119,0.933315
1119,906,0.933315
31,46,0.933303
2003,1558,0.933242
1558,2003,0.933242
1098,815,0.933171
1485,1245,0.933106
1662,1836,0.933060
1116,1238,0.933058
1238,1116,0.933058
1470,1518,0.933031
1391,911,0.932948
1747,1961,0.932907
1961,1747,0.932907
1388,1415,0.932886
816,864,0.932859
1482,1249,0.932855
1249,1482,0.932855
1444,801,0.932850
1379,889,0.932819
831,845,0.932819
845,831,0.932819
763,820,0.932816
1229,931,0.932725
1381,858,0.932713
858,1381,0.932713
546,605,0.932713
723,605,0.932660
1449,100,0.932658
844,1275,0.932655
848,442,0.932645
67,1106,0.932626
1106,67,0.932626
600,681,0.932548
681,600,0.932548
2062,46,0.932524
1846,769,0.932485
1033,1316,0.932477
1316,1033,0.932477
236,1324,0.932453
1595,456,0.932428
456,1595,0.932428
1599,1571,0.932353
1571,1599,0.932353
1248,963,0.932307
1223,1023,0.932288
1589,1558,0.932254
1558,1589,0.932254
730,661,0.932174
1496,1465,0.932149
1465,1496,0.932149
2031,1747,0.932067
1747,2031,0.932067
1963,1965,0.932054
1965,1963,0.932054
1372,1474,0.932039
2071,1587,0.932002
778,540,0.931973
1005,1107,0.931972
1485,1261,0.931922
1261,1485,0.931922
1150,1152,0.931885
1098,859,0.931868
859,1098,0.931868
307,1315,0.931863
825,835,0.931821
835,825,0.931821
1036,809,0.931735
809,1036,0.931735
1492,981,0.931646
1499,889,0.931621
1026,946,0.931557
1059,1332,0.931502
1554,686,0.931497
686,1554,0.931497
1443,1399,0.931489
618,46,0.931473
1477,1118,0.931373
1531,1001,0.931364
1001,1531,0.931364
247,8,0.931331
8,247,0.931331
241,1600,0.931219
127,1395,0.931152
1395,127,0.931152
233,540,0.931151
1021,1041,0.931061
903,908,0.931026
908,903,0.931026
389,458,0.931003
458,389,0.931003
1278,792,0.930959
792,1278,0.930959
7,57,0.930918
57,7,0.930918
78,57,0.930896
1867,1589,0.930892
89,949,0.930810
1395,442,0.930729
2076,681,0.930661
1021,1244,0.930546
1121,864,0.930532
1364,1267,0.930521
1830,1665,0.930419
1150,809,0.930403
809,1150,0.930403
1519,828,0.930303
897,1148,0.930252
1969,1262,0.930214
1372,1307,0.930169
1284,929,0.930122
408,346,0.930086
1167,828,0.930051
1290,239,0.930003
7,17,0.929983
17,7,0.929983
531,46,0.929961
1129,1202,0.929909
973,830,0.929904
1969,637,0.929873
588,506,0.929840
506,588,0.929840
1859,846,0.929828
236,1334,0.929765
1156,1187,0.929654
1187,1156,0.929654
1437,1134,0.929646
900,723,0.929605
969,1141,0.929601
1482,1256,0.929585
1430,911,0.929541
584,45,0.929294
1687,249,0.929274
249,1687,0.929274
498,1822,0.929227
1401,1519,0.929205
479,1600,0.929197
763,1095,0.929172
817,804,0.929165
1433,1160,0.929101
1160,1433,0.929101
584,429,0.929028
1419,1098,0.929015
1110,1022,0.928983
736,1892,0.928946
1358,1311,0.928934
1311,1358,0.928934
474,637,0.928926
901,1506,0.928873
901,1520,0.928873
1680,725,0.928731
1085,1216,0.928715
1281,1384,0.928691
506,1566,0.928675
307,1312,0.928661
39,676,0.928632
26,676,0.928632
676,26,0.928632
1859,942,0.928504
498,2071,0.928476
1156,1392,0.928465
241,1573,0.928426
1277,1160,0.928403
1045,100,0.928390
913,1000,0.928357
1000,913,0.928357
1429,1483,0.928310
848,1655,0.928288
143,1005,0.928245
43,34,0.928226
34,43,0.928226
1651,272,0.928011
902,1150,0.927984
1026,547,0.927966
1046,1105,0.927961
569,198,0.927923
198,569,0.927923
1662,364,0.927921
1433,1349,0.927900
962,798,0.927841
1146,918,0.927830
918,1146,0.927830
808,800,0.927694
957,1020,0.927680
1020,957,0.927680
785,267,0.927634
267,785,0.927634
1842,2048,0.927590
204,1528,0.927565
653,305,0.927456
305,653,0.927456
850,1536,0.927400
1536,850,0.927400
913,1005,0.927284
967,914,0.927279
43,7,0.927241
1323,915,0.927087
70,540,0.927050
2006,389,0.927006
125,94,0.926879
922,1152,0.926872
367,830,0.926823
1722,45,0.926759
77,1118,0.926753
1045,952,0.926721
967,1005,0.926712
443,546,0.926682
546,443,0.926682
185,332,0.926669
332,185,0.926669
1076,1202,0.926626
134,1573,0.926491
1238,607,0.926482
607,1238,0.926482
1493,1384,0.926368
285,174,0.926324
174,285,0.926324
962,143,0.926297
1064,1152,0.926283
1248,816,0.926185
717,1600,0.926184
1651,494,0.926183
1281,1485,0.926169
1842,1307,0.926166
98,57,0.926112
1037,978,0.926091
1955,1836,0.926018
1046,1216,0.925992
113,2004,0.925920
1085,1171,0.925919
1223,1281,0.925857
2014,2043,0.925805
2043,2014,0.925805
224,610,0.925773
610,224,0.925773
1694,400,0.925744
400,1694,0.925744
2003,233,0.925722
951,20,0.925717
185,1031,0.925712
1020,1436,0.925589
523,504,0.925554
504,523,0.925554
1259,1031,0.925525
793,951,0.925470
882,1037,0.925453
1037,882,0.925453
252,442,0.925445
50,306,0.925432
306,50,0.925432
367,950,0.925386
960,825,0.925371
825,960,0.925371
176,1815,0.925350
1815,176,0.925350
1383,911,0.925320
1708,1649,0.925260
1649,1708,0.925260
890,952,0.925219
1181,1061,0.925195
56,813,0.925146
813,56,0.925146
1057,1517,0.925137
840,932,0.925087
1191,1422,0.925085
1815,297,0.925045
1383,1255,0.925041
1255,1383,0.925041
34,57,0.925037
56,515,0.925003
840,936,0.924998
936,840,0.924998
1708,19,0.924968
1713,1810,0.924955
883,1313,0.924913
399,819,0.924907
17,57,0.924898
2034,493,0.924800
493,2034,0.924800
1211,1349,0.924756
54,736,0.924495
422,1810,0.924492
499,297,0.924476
919,856,0.924462
1475,1394,0.924456
1970,94,0.924409
1994,769,0.924402
835,1201,0.924343
1201,835,0.924343
1431,883,0.924290
407,873,0.924216
1012,1305,0.924143
1503,1421,0.924051
1444,944,0.923979
1689,100,0.923970
969,1093,0.923908
1437,1467,0.923905
338,676,0.923905
388,408,0.923865
926,1481,0.923854
1618,1868,0.923853
1868,1618,0.923853
519,1289,0.923851
1722,425,0.923830
178,584,0.923770
575,171,0.923751
973,887,0.923687
426,676,0.923650
1157,1477,0.923590
1199,891,0.923585
1459,996,0.923571
785,354,0.923470
354,785,0.923470
459,67,0.923447
999,906,0.923446
993,1099,0.923432
1657,632,0.923409
632,1657,0.923409
219,610,0.923397
610,219,0.923397
400,265,0.923393
265,400,0.923393
253,183,0.923250
922,1183,0.923242
286,496,0.923214
1276,962,0.923190
31,442,0.923179
418,1976,0.923136
1976,418,0.923136
1066,1167,0.923038
1626,1549,0.923009
1549,1626,0.923009
1970,724,0.922975
1057,1391,0.922968
1391,1057,0.922968
1419,1305,0.922954
418,1815,0.922926
1428,1801,0.922882
1827,1872,0.922872
1828,1872,0.922872
1872,1827,0.922872
1872,1828,0.922872
1443,1342,0.922850
1311,899,0.922827
1702,1626,0.922796
1626,1702,0.922796
70,379,0.922760
648,1747,0.922700
1323,844,0.922689
1181,1054,0.922660
1084,1722,0.922606
399,946,0.922604
1401,1370,0.922595
1370,1401,0.922595
1402,1339,0.922594
1339,1402,0.922594
1915,408,0.922579
936,801,0.922526
1430,915,0.922507
2014,1838,0.922483
1838,2014,0.922483
593,455,0.922452
455,593,0.922452
382,407,0.922410
407,382,0.922410
2051,100,0.922386
1962,498,0.922385
1784,648,0.922350
648,1784,0.922350
178,429,0.922333
1265,879,0.922316
813,1892,0.922285
1916,442,0.922241
858,1358,0.922203
919,931,0.922188
638,1714,0.922142
1714,638,0.922142
1076,981,0.922086
582,610,0.922071
420,540,0.921964
1508,1451,0.921963
793,952,0.921828
81,1626,0.921824
50,327,0.921802
327,50,0.921802
115,1777,0.921800
1777,115,0.921800
1702,81,0.921765
81,1702,0.921765
1124,1064,0.921763
541,101,0.921758
101,541,0.921758
320,1955,0.921721
1867,467,0.921699
467,1867,0.921699
2088,1784,0.921665
908,911,0.921636
2018,239,0.921597
1684,610,0.921550
926,1014,0.921534
1657,686,0.921505
113,286,0.921457
1008,948,0.921366
1534,1240,0.921322
1106,610,0.921311
1260,1149,0.921120
1149,1260,0.921120
422,1955,0.921096
265,1694,0.921052
1694,265,0.921052
1205,1303,0.920986
1155,1499,0.920977
1549,1702,0.920963
150,491,0.920751
1475,1388,0.920749
1917,337,0.920659
337,1917,0.920659
1554,1657,0.920606
575,691,0.920592
717,1566,0.920580
316,426,0.920551
426,316,0.920551
1242,1281,0.920414
1876,1810,0.920269
1402,1152,0.920246
98,4,0.920213
54,1626,0.920163
305,136,0.920144
80,880,0.920124
2090,242,0.920120
242,2090,0.920120
851,1179,0.920119
1179,851,0.920119
1511,1662,0.920019
25,575,0.919950
1962,515,0.919949
382,603,0.919915
44,57,0.919915
1242,1437,0.919847
1508,1392,0.919811
3,596,0.919801
596,3,0.919801
1413,1119,0.919737
1015,1014,0.919670
1124,143,0.919581
1155,866,0.919511
814,306,0.919510
1700,316,0.919356
316,1700,0.919356
82,34,0.919343
805,845,0.919312
446,1421,0.919271
25,30,0.919004
1276,840,0.918822
1881,515,0.918801
1247,1375,0.918795
524,2018,0.918652
1595,1896,0.918629
1896,1595,0.918629
252,242,0.918596
242,252,0.918596
1166,443,0.918535
1447,332,0.918531
332,1447,0.918531
565,848,0.918457
582,596,0.918435
596,582,0.918435
1158,1286,0.918415
1951,18,0.918345
327,656,0.918345
656,327,0.918345
1157,1419,0.918272
841,825,0.918253
1917,610,0.918238
344,1982,0.918177
1982,344,0.918177
414,640,0.918080
640,414,0.918080
77,809,0.918037
1916,252,0.917985
960,1247,0.917956
928,50,0.917925
509,1573,0.917869
1122,1061,0.917851
632,541,0.917804
541,632,0.917804
428,610,0.917774
1211,1167,0.917693
247,1665,0.917493
805,1057,0.917389
1112,906,0.917387
1980,1244,0.917378
1243,1375,0.917332
1386,913,0.917315
1938,186,0.917312
415,813,0.917296
1592,418,0.917263
1753,1061,0.917206
1194,1070,0.917185
993,1014,0.917173
1318,1078,0.917172
1452,1454,0.917121
1454,1452,0.917121
446,1054,0.917117
1012,835,0.917112
2079,10,0.916983
415,34,0.916944
1074,1418,0.916862
1166,491,0.916836
1158,1060,0.916795
551,1014,0.916794
1274,1449,0.916761
428,224,0.916698
224,428,0.916698
1459,1212,0.916658
1355,564,0.916590
2076,492,0.916459
1116,719,0.916331
719,1116,0.916331
1556,94,0.916319
1596,2018,0.916315
1511,1589,0.916243
320,637,0.916186
1003,817,0.916168
1614,1573,0.916161
75,1651,0.916106
219,224,0.916082
1461,1118,0.916011
337,610,0.915962
1503,446,0.915914
1950,418,0.915890
127,442,0.915838
782,1960,0.915804
1960,782,0.915804
664,769,0.915754
51,127,0.915721
1614,955,0.915631
1967,1558,0.915615
1201,879,0.915590
427,1589,0.915588
132,144,0.915503
144,132,0.915503
12,610,0.915499
1259,1447,0.915327
1405,1099,0.915266
1192,1059,0.915223
1976,176,0.915219
176,1976,0.915219
1355,332,0.915177
80,605,0.915172
1871,499,0.914824
1405,1167,0.914785
1915,363,0.914761
363,1915,0.914761
44,82,0.914710
82,44,0.914710
27,8,0.914686
1578,1917,0.914685
172,174,0.914671
174,172,0.914671
607,1116,0.914629
799,828,0.914598
600,459,0.914580
831,1386,0.914575
1689,587,0.914517
1000,911,0.914495
341,588,0.914475
509,944,0.914385
1261,1256,0.914337
1088,519,0.914238
626,285,0.914136
110,8,0.914088
1825,174,0.914072
75,442,0.914016
1003,1284,0.914007
1591,479,0.913986
1868,1605,0.913961
1605,1868,0.913961
1413,1243,0.913959
1980,605,0.913950
1112,841,0.913900
1536,399,0.913851
1819,723,0.913823
12,389,0.913747
1472,1107,0.913732
1930,949,0.913710
852,1011,0.913698
1011,852,0.913698
1169,949,0.913608
1074,1470,0.913575
811,1468,0.913574
811,1467,0.913574
1318,1023,0.913522
1260,1267,0.913418
1400,911,0.913417
170,1868,0.913396
640,1830,0.913373
1830,640,0.913373
27,247,0.913367
1591,18,0.913354
55,426,0.913343
264,1868,0.913252
2075,895,0.913233
903,1179,0.913115
1179,903,0.913115
263,31,0.913104
1370,1519,0.913100
1618,1621,0.913097
1621,1618,0.913097
464,208,0.913013
208,464,0.913013
1592,1810,0.912993
79,676,0.912942
638,267,0.912930
267,638,0.912930
700,1874,0.912800
467,499,0.912679
1982,185,0.912651
326,993,0.912622
933,858,0.912450
1596,1290,0.912403
464,2088,0.912385
2088,464,0.912385
1084,1045,0.912340
1199,1060,0.912320
655,396,0.912300
396,655,0.912300
1678,2027,0.912225
2027,1678,0.912225
92,8,0.912181
1951,1657,0.912077
1534,1312,0.912058
1110,1477,0.912051
1611,1336,0.911953
1340,1413,0.911946
1354,1070,0.911918
1301,1160,0.911886
1192,1492,0.911850
1319,960,0.911747
208,1868,0.911671
427,425,0.911647
1230,900,0.911591
998,1530,0.911508
1530,998,0.911508
206,1868,0.911471
1354,1129,0.911469
905,1014,0.911438
1258,1249,0.911434
1400,908,0.911432
2079,724,0.911339
1015,1334,0.911302
1478,1124,0.911301
504,1868,0.911199
1478,911,0.911195
1197,1401,0.911162
2059,769,0.911149
1583,115,0.911139
115,1583,0.911139
1990,50,0.911137
151,2071,0.911069
1950,1955,0.910971
1994,1846,0.910963
748,1372,0.910954
905,1149,0.910918
55,498,0.910917
910,1339,0.910914
37,582,0.910828
1960,295,0.910774
295,1960,0.910774
837,1472,0.910613
1472,837,0.910613
1813,751,0.910557
1403,1394,0.910509
2011,413,0.910501
413,2011,0.910501
37,610,0.910462
1490,1212,0.910440
78,415,0.910420
520,785,0.910397
522,785,0.910397
1753,1163,0.910376
1813,870,0.910374
1938,1280,0.910324
263,618,0.910320
626,446,0.910281
101,632,0.910243
1496,890,0.910178
396,263,0.910148
296,582,0.910088
1692,425,0.909964
1934,1484,0.909954
928,610,0.909874
910,915,0.909870
1236,1294,0.909819
1235,1294,0.909819
135,1871,0.909589
1871,135,0.909589
1194,888,0.909570
79,596,0.909517
1036,815,0.909514
941,879,0.909442
941,858,0.909393
71,564,0.909319
99,143,0.909300
1230,1021,0.909279
1644,565,0.909246
862,858,0.909185
1929,491,0.909120
1457,1474,0.909089
997,1474,0.908990
149,950,0.908984
395,295,0.908967
1232,1023,0.908916
1251,1591,0.908869
799,1149,0.908849
898,1023,0.908817
1138,1119,0.908795
788,1747,0.908787
309,1665,0.908780
645,637,0.908736
646,637,0.908736
274,624,0.908719
624,274,0.908719
1713,408,0.908704
1548,265,0.908538
357,1868,0.908483
762,1262,0.908368
824,1323,0.908260
388,1713,0.908257
762,952,0.908031
1431,1070,0.908020
653,1871,0.908014
855,837,0.908013
837,855,0.908013
1438,1429,0.908010
1565,1041,0.907957
1298,1438,0.907945
1438,1299,0.907945
1299,1438,0.907945
1088,80,0.907889
309,1700,0.907847
1122,1006,0.907820
1420,1031,0.907792
24,46,0.907743
650,1583,0.907707
1930,462,0.907674
462,1930,0.907674
704,1565,0.907669
1565,704,0.907669
99,947,0.907653
1934,1336,0.907433
1210,825,0.907371
1001,1492,0.907343
2075,815,0.907332
144,719,0.907320
719,144,0.907320
633,1021,0.907189
132,336,0.907153
1901,1181,0.907134
755,1714,0.907073
920,824,0.906994
1465,1284,0.906933
792,789,0.906864
1403,1388,0.906855
1961,648,0.906769
1257,1405,0.906752
743,848,0.906721
430,2031,0.906704
2031,430,0.906704
987,855,0.906684
855,987,0.906684
997,1464,0.906679
530,648,0.906661
1073,903,0.906430
530,418,0.906325
24,18,0.906316
923,1156,0.906298
775,1665,0.906297
788,648,0.906224
1644,596,0.906172
1692,467,0.906158
104,80,0.906056
279,429,0.906051
1929,333,0.905937
354,2031,0.905935
1008,1280,0.905914
1608,442,0.905904
1908,183,0.905836
1457,1388,0.905832
1263,1280,0.905654
206,1747,0.905589
92,263,0.905520
149,2071,0.905517
523,1868,0.905432
395,1416,0.905315
832,1053,0.905255
1053,832,0.905255
278,55,0.905233
232,1697,0.905228
1697,232,0.905228
107,1665,0.905187
1582,115,0.905111
898,860,0.905012
1562,736,0.905000
232,1698,0.904974
1698,232,0.904974
209,724,0.904865
414,1700,0.904845
249,2076,0.904795
2059,778,0.904758
1816,101,0.904726
787,1601,0.904631
1601,787,0.904631
1301,236,0.904582
700,219,0.904572
151,443,0.904553
537,12,0.904462
1381,1280,0.904431
917,879,0.904325
1789,389,0.904288
842,1387,0.904272
1608,1262,0.904263
1138,824,0.904223
1073,908,0.904160
1839,2018,0.904119
381,717,0.904042
1710,305,0.904030
1052,1166,0.903975
331,411,0.903906
411,331,0.903906
279,1589,0.903906
1269,1401,0.903691
1785,1657,0.903655
288,1868,0.903639
521,279,0.903616
1895,1023,0.903549
1832,648,0.903542
633,1892,0.903533
170,1618,0.903521
1610,1680,0.903441
1543,306,0.903423
493,1289,0.903297
1839,1700,0.903287
1832,1605,0.903277
775,309,0.903211
1420,1259,0.903098
1108,845,0.903082
270,27,0.903054
1816,1657,0.902935
122,411,0.902906
411,122,0.902906
209,10,0.902727
200,1936,0.902703
882,951,0.902515
97,1614,0.902393
71,20,0.902379
852,1014,0.902275
1779,681,0.902217
344,399,0.902165
264,1605,0.902104
1153,1245,0.902071
1623,224,0.902007
23,233,0.901657
122,640,0.901587
999,947,0.901532
1878,178,0.901518
1954,74,0.901499
74,1954,0.901499
851,1391,0.901498
1251,18,0.901442
289,640,0.901239
1710,136,0.901157
685,978,0.901153
1293,2059,0.901131
555,648,0.901123
1785,211,0.901022
211,1785,0.901022
1728,648,0.900964
1263,817,0.900924
842,1424,0.900847
1269,236,0.900844
6,44,0.900773
40,443,0.900756
849,869,0.900594
326,1099,0.900551
484,2004,0.900441
1220,832,0.900384
832,1220,0.900384
1562,1972,0.900361
743,382,0.900285
289,1700,0.900283
1991,1343,0.900194
1997,464,0.900187
1804,1592,0.900165
976,951,0.900025
1357,987,0.900020
1411,987,0.900020
