from,to,distance
2607,2601,1.000000
2609,2711,1.000000
5127,5027,1.000000
2290,2307,1.000000
2295,2279,1.000000
886,932,1.000000
2307,2290,1.000000
2534,2535,1.000000
5150,2073,1.000000
5123,2075,1.000000
1280,1285,1.000000
2535,2534,1.000000
4422,5555,1.000000
2858,2856,1.000000
2316,2319,1.000000
2601,2607,1.000000
2856,2858,1.000000
2319,2316,1.000000
5027,5127,1.000000
2979,2980,1.000000
921,907,1.000000
2322,2285,1.000000
2980,2979,1.000000
4460,5462,1.000000
4768,4755,1.000000
2984,2986,1.000000
920,917,1.000000
5134,2072,1.000000
2841,2830,1.000000
907,921,1.000000
2986,2984,1.000000
4764,4754,1.000000
917,920,1.000000
2875,2876,1.000000
2876,2875,1.000000
671,672,1.000000
2830,2841,1.000000
1326,1324,1.000000
1285,1280,1.000000
2711,2609,1.000000
1324,1326,1.000000
2544,2545,1.000000
672,671,1.000000
821,822,1.000000
2545,2544,1.000000
1090,1056,1.000000
2914,2922,1.000000
1089,1058,1.000000
822,821,1.000000
2922,2914,1.000000
1327,1323,1.000000
1871,1873,1.000000
1873,1871,1.000000
1323,1327,1.000000
1322,1331,1.000000
3998,3997,1.000000
3997,3998,1.000000
1501,1518,1.000000
3969,3968,1.000000
1328,1330,1.000000
3968,3969,1.000000
5041,5093,1.000000
1953,1961,1.000000
787,786,1.000000
5462,4460,1.000000
786,787,1.000000
1505,1520,1.000000
1506,1519,1.000000
1961,1953,1.000000
5044,5097,1.000000
1330,1328,1.000000
1083,1064,1.000000
1082,1065,1.000000
2807,2799,1.000000
1985,1987,1.000000
1081,1066,1.000000
1987,1985,1.000000
1518,1501,1.000000
2044,2047,1.000000
5066,5076,1.000000
2047,2044,1.000000
1331,1322,1.000000
2799,2807,1.000000
2764,2765,1.000000
2765,2764,1.000000
2509,2512,1.000000
2072,5134,1.000000
2073,5150,1.000000
2075,5123,1.000000
2791,2782,1.000000
932,886,1.000000
1519,1506,1.000000
2512,2509,1.000000
1076,1071,1.000000
2782,2791,1.000000
1520,1505,1.000000
1075,1072,1.000000
2105,2126,1.000000
5076,5066,1.000000
4679,4680,1.000000
2126,2105,1.000000
1072,1075,1.000000
4680,4679,1.000000
1071,1076,1.000000
2170,2171,1.000000
2171,2170,1.000000
5093,5041,1.000000
2183,2191,1.000000
4754,4764,1.000000
3405,3402,1.000000
2522,2523,1.000000
3404,3403,1.000000
1066,1081,1.000000
3403,3404,1.000000
5097,5044,1.000000
1065,1082,1.000000
2523,2522,1.000000
1064,1083,1.000000
3402,3405,1.000000
4755,4768,1.000000
2191,2183,1.000000
1058,1089,1.000000
5555,4422,1.000000
2527,2528,1.000000
2219,2226,1.000000
1056,1090,1.000000
2528,2527,1.000000
2223,2228,1.000000
2226,2219,1.000000
2228,2223,1.000000
2279,2295,1.000000
2285,2322,1.000000
1282,1275,1.000000
2604,2639,1.000000
3644,3643,1.000000
4421,5547,1.000000
1522,1504,1.000000
3643,3644,1.000000
1057,1091,1.000000
2878,2872,1.000000
1275,1282,1.000000
5137,2074,1.000000
3353,3336,1.000000
3336,3353,1.000000
2872,2878,1.000000
1524,1503,1.000000
1091,1057,1.000000
2639,2604,1.000000
1320,1335,1.000000
2915,2923,1.000000
2923,2915,1.000000
5547,4421,1.000000
1062,1085,1.000000
852,855,1.000000
3454,3660,1.000000
1503,1524,1.000000
1085,1062,1.000000
1504,1522,1.000000
855,852,1.000000
1335,1320,1.000000
2054,2056,1.000000
2056,2054,1.000000
2074,5137,1.000000
3660,3454,1.000000
1111,4957,1.000000
1108,4960,1.000000
5123,4874,1.000000
2857,2855,1.000000
2855,2857,1.000000
900,913,1.000000
913,900,1.000000
4960,1108,1.000000
4957,1111,1.000000
1912,1927,1.000000
1927,1912,1.000000
1979,1984,1.000000
1984,1979,1.000000
5113,2077,1.000000
2075,4874,1.000000
2158,2161,1.000000
2537,2538,1.000000
2538,2537,1.000000
4874,5123,1.000000
2216,2221,1.000000
2539,2540,1.000000
1613,1610,1.000000
2077,5113,1.000000
2221,2216,1.000000
2161,2158,1.000000
2540,2539,1.000000
1610,1613,1.000000
4874,2075,1.000000
4873,2074,1.000000
2784,2792,1.000000
2583,2572,1.000000
2583,2584,1.000000
1074,1073,1.000000
2584,2572,1.000000
1107,4959,1.000000
2860,2859,1.000000
1073,1074,1.000000
2859,2860,1.000000
2584,2583,1.000000
5137,4873,1.000000
2605,2640,1.000000
3036,3020,1.000000
5040,5119,1.000000
3020,3036,1.000000
2640,2605,1.000000
1069,1078,1.000000
2213,2207,1.000000
2207,2213,1.000000
2156,2152,1.000000
2152,2156,1.000000
2074,4873,1.000000
2011,1997,1.000000
1997,2011,1.000000
1861,1859,1.000000
1859,1861,1.000000
4959,1107,1.000000
2792,2784,1.000000
1059,1088,1.000000
1078,1069,1.000000
5119,5040,1.000000
4873,5137,1.000000
2572,2583,1.000000
2572,2584,1.000000
1088,1059,1.000000
2781,2790,1.000000
2802,2812,1.000000
4896,2070,1.000000
3456,3676,1.000000
817,816,1.000000
2873,2874,1.000000
2812,2802,1.000000
2070,4896,1.000000
2790,2781,1.000000
2874,2873,1.000000
816,817,1.000000
3676,3456,1.000000
2600,2621,1.000000
1070,1077,1.000000
5113,4875,1.000000
2212,2206,1.000000
2511,2510,1.000000
4875,2077,1.000000
5128,5062,1.000000
5460,4450,1.000000
4450,5460,1.000000
2510,2511,1.000000
2206,2212,1.000000
1077,1070,1.000000
2019,2003,1.000000
1964,1959,1.000000
1508,2169,1.000000
5062,5128,1.000000
4875,5113,1.000000
2003,2019,1.000000
2621,2600,1.000000
2169,1508,1.000000
1959,1964,1.000000
2077,4875,1.000000
3354,3356,1.000000
1084,1063,1.000000
1864,1880,1.000000
2547,2546,1.000000
1880,1864,1.000000
1063,1084,1.000000
3356,3354,1.000000
2546,2547,1.000000
4482,4478,1.000000
1086,1061,1.000000
4482,4480,1.000000
4482,4481,1.000000
4479,4478,1.000000
1332,1321,1.000000
3012,3016,1.000000
3016,3012,1.000000
757,770,1.000000
1321,1332,1.000000
902,919,1.000000
4477,4478,1.000000
4477,4480,1.000000
770,757,1.000000
4477,4481,1.000000
1061,1086,1.000000
4478,4480,1.000000
919,902,1.000000
4478,4481,1.000000
4479,4480,1.000000
4479,4481,1.000000
4480,4478,1.000000
4480,4481,1.000000
4481,4478,1.000000
4481,4480,1.000000
5227,2071,1.000000
2071,5227,1.000000
2070,5209,1.000000
800,801,1.000000
5033,2076,1.000000
2315,2321,1.000000
801,800,1.000000
2076,5033,1.000000
5029,5227,1.000000
5209,4896,1.000000
5209,2070,1.000000
2321,2315,1.000000
4896,5209,1.000000
5227,5029,1.000000
1068,1079,0.999999
1080,1067,0.999999
1067,1080,0.999999
1079,1068,0.999999
5029,2071,0.999999
1060,1087,0.999999
1087,1060,0.999999
2071,5029,0.999999
2181,2180,0.999999
2180,2181,0.999999
1208,1211,0.999999
5134,5189,0.999999
1211,1208,0.999999
2072,5189,0.999999
5189,5134,0.999999
5189,2072,0.999999
1946,1949,0.999999
1949,1946,0.999999
1858,1862,0.999999
2977,2978,0.999999
1862,1858,0.999999
2978,2977,0.999999
4001,4000,0.999999
4000,4001,0.999999
4758,4772,0.999999
4772,4758,0.999999
5164,5150,0.999999
2073,5164,0.999999
5150,5164,0.999999
5164,2073,0.999999
5192,2076,0.999999
5192,5033,0.999999
5033,5192,0.999999
2076,5192,0.999999
4762,4752,0.999999
4752,4762,0.999999
1925,1936,0.999998
1936,1925,0.999998
750,757,0.999998
757,750,0.999998
1110,4958,0.999998
4958,1110,0.999998
770,750,0.999998
750,770,0.999998
4546,4620,0.999998
4620,4546,0.999998
4763,4771,0.999996
4771,4763,0.999996
1109,4956,0.999996
4956,1109,0.999996
3949,3947,0.999993
3947,3949,0.999993
4769,4765,0.999992
4765,4769,0.999992
4759,4760,0.999982
4760,4759,0.999982
4753,4770,0.999977
4770,4753,0.999977
5503,4302,0.999939
4302,5503,0.999939
5472,4276,0.999937
4276,5472,0.999937
5471,4273,0.999936
4273,5471,0.999936
4275,5470,0.999929
5470,4275,0.999929
5438,4306,0.999920
4306,5438,0.999920
5467,4215,0.999919
4215,5467,0.999919
4286,5489,0.999914
5489,4286,0.999914
4280,5481,0.999914
5481,4280,0.999914
4296,5493,0.999907
5493,4296,0.999907
5473,4274,0.999906
4274,5473,0.999906
5485,4283,0.999901
4283,5485,0.999901
4281,5482,0.999899
5482,4281,0.999899
4297,5497,0.999888
5497,4297,0.999888
5495,4295,0.999876
4295,5495,0.999876
5466,4214,0.999848
4214,5466,0.999848
5483,4282,0.999845
4282,5483,0.999845
4232,5469,0.999841
5469,4232,0.999841
4853,4887,0.999828
4887,4853,0.999828
4284,5486,0.999827
5486,4284,0.999827
4287,5487,0.999816
5487,4287,0.999816
5490,4285,0.999808
4285,5490,0.999808
5491,4288,0.999782
4288,5491,0.999782
1650,4890,0.999628
4890,1650,0.999628
4981,1011,0.999459
1011,4981,0.999459
1012,4980,0.999422
4980,1012,0.999422
1670,5041,0.999338
1670,5093,0.999338
5041,1670,0.999338
5093,1670,0.999338
1962,1955,0.999310
1955,1962,0.999310
1577,1576,0.999186
1576,1577,0.999186
3397,3374,0.999130
3374,3397,0.999130
3373,3398,0.998908
3398,3373,0.998908
1668,5044,0.998453
5044,1668,0.998453
5097,1668,0.998453
1668,5097,0.998453
3372,3396,0.998418
3396,3372,0.998418
1095,5061,0.998380
5061,1095,0.998380
5132,1904,0.998209
1904,5132,0.998209
981,4977,0.998155
4977,981,0.998155
900,4987,0.998110
913,4987,0.998110
4987,900,0.998110
4987,913,0.998110
5054,1096,0.997961
1096,5054,0.997961
1147,5035,0.997944
5035,1147,0.997944
1141,5060,0.997908
5060,1141,0.997908
1100,4966,0.997788
4966,1100,0.997788
1008,4984,0.997759
4984,1008,0.997759
1143,5028,0.997757
5028,1143,0.997757
1028,4946,0.997724
4946,1028,0.997724
4939,1024,0.997690
1024,4939,0.997690
1097,5068,0.997496
5068,1097,0.997496
3944,3943,0.997480
3943,3944,0.997480
4929,2514,0.997441
2514,4929,0.997441
4914,1091,0.997432
1057,4914,0.997432
4914,1057,0.997432
1091,4914,0.997432
1716,5103,0.997390
5103,1716,0.997390
1034,4942,0.997314
4942,1034,0.997314
1118,4897,0.997306
4897,1118,0.997306
4885,1715,0.997294
1715,4885,0.997294
2154,5161,0.997266
5161,2154,0.997266
1145,5038,0.997246
5038,1145,0.997246
4903,1063,0.997207
1063,4903,0.997207
1084,4903,0.997207
4903,1084,0.997207
5070,1130,0.997183
1130,5070,0.997183
5124,1832,0.997141
1832,5124,0.997141
4923,1071,0.997140
4923,1076,0.997140
1071,4923,0.997140
1076,4923,0.997140
5050,1142,0.997139
1142,5050,0.997139
1606,5033,0.997136
1606,2076,0.997136
1006,4986,0.997133
4986,1006,0.997133
1903,5101,0.997109
5101,1903,0.997109
2069,5099,0.997089
5099,2069,0.997089
4909,1059,0.997082
1088,4909,0.997082
4909,1088,0.997082
1059,4909,0.997082
5224,2081,0.997065
2081,5224,0.997065
1085,4904,0.997036
4904,1085,0.997036
1062,4904,0.997036
4904,1062,0.997036
5173,2066,0.997030
2066,5173,0.997030
1607,5113,0.997026
1607,2077,0.997026
2478,4861,0.997023
4861,2478,0.997023
1150,4893,0.997008
4893,1150,0.997008
3094,3095,0.996936
3095,3094,0.996936
4463,4796,0.996925
4796,4463,0.996925
1611,4873,0.996854
1611,2074,0.996850
4464,4795,0.996838
4795,4464,0.996838
5023,1002,0.996821
1002,5023,0.996821
4905,1083,0.996718
4905,1064,0.996718
1064,4905,0.996718
1083,4905,0.996718
1101,4962,0.996696
4962,1101,0.996696
951,950,0.996685
950,951,0.996685
1148,4894,0.996682
4894,1148,0.996682
5102,1659,0.996681
1659,5102,0.996681
1106,4964,0.996671
4964,1106,0.996671
1149,5053,0.996649
5053,1149,0.996649
1124,5063,0.996619
5063,1124,0.996619
5104,5086,0.996613
5086,5104,0.996613
1079,4915,0.996567
4915,1079,0.996567
1068,4915,0.996567
4915,1068,0.996567
4891,1663,0.996538
1663,4891,0.996538
1610,2072,0.996490
1613,2072,0.996490
1604,5227,0.996489
1604,5029,0.996485
4913,1090,0.996440
4913,1056,0.996440
1090,4913,0.996440
1056,4913,0.996440
3421,5300,0.996426
5300,3421,0.996426
4912,1065,0.996420
1065,4912,0.996420
1082,4912,0.996420
4912,1082,0.996420
5165,2067,0.996368
2067,5165,0.996368
5064,1128,0.996349
1128,5064,0.996349
5031,1125,0.996313
1125,5031,0.996313
1031,4941,0.996275
4941,1031,0.996275
5059,1146,0.996264
1146,5059,0.996264
4991,932,0.996240
932,4991,0.996240
4991,886,0.996240
886,4991,0.996240
3750,3751,0.996236
3751,3750,0.996236
1952,5073,0.996209
5073,1952,0.996209
2078,5174,0.996205
5174,2078,0.996205
5241,2348,0.996187
2348,5241,0.996187
5175,2080,0.996171
2080,5175,0.996171
2614,2618,0.996152
2618,2614,0.996152
5106,1656,0.996119
1656,5106,0.996119
4921,1072,0.996077
1072,4921,0.996077
4921,1075,0.996077
1075,4921,0.996077
1105,4965,0.996056
4965,1105,0.996056
4924,1069,0.996014
4924,1078,0.996014
1078,4924,0.996014
1069,4924,0.996014
4075,5330,0.996004
5330,4075,0.996004
1151,5047,0.996003
5047,1151,0.996003
1140,5048,0.995954
5048,1140,0.995954
4899,1104,0.995915
1104,4899,0.995915
5246,2624,0.995902
2624,5246,0.995902
5240,2345,0.995836
2345,5240,0.995836
1116,5067,0.995823
5067,1116,0.995823
2617,2613,0.995797
2613,2617,0.995797
5042,1131,0.995774
1131,5042,0.995774
4892,1665,0.995765
1665,4892,0.995765
2542,4867,0.995687
4867,2542,0.995687
1126,5045,0.995651
5045,1126,0.995651
1602,5034,0.995504
5034,1602,0.995504
2079,5208,0.995480
5208,2079,0.995480
1609,2073,0.995445
1609,5150,0.995445
5114,2064,0.995431
2064,5114,0.995431
4902,1089,0.995411
4902,1058,0.995411
1089,4902,0.995411
1058,4902,0.995411
5032,1139,0.995380
1139,5032,0.995380
5186,2065,0.995376
2065,5186,0.995376
5055,1664,0.995375
1664,5055,0.995375
1951,5084,0.995337
5084,1951,0.995337
2352,5245,0.995232
5245,2352,0.995232
5058,1123,0.995215
1123,5058,0.995215
5242,2349,0.995061
2349,5242,0.995061
5220,2200,0.995057
2200,5220,0.995057
4919,1074,0.995023
1073,4919,0.995023
1074,4919,0.995023
4919,1073,0.995023
1026,4950,0.994989
4950,1026,0.994989
1030,4945,0.994952
4945,1030,0.994952
5235,2632,0.994924
2632,5235,0.994924
2616,2611,0.994843
2611,2616,0.994843
1127,5071,0.994835
5071,1127,0.994835
1608,2075,0.994796
1608,5123,0.994796
5299,3139,0.994770
3139,5299,0.994770
5018,1005,0.994681
1005,5018,0.994681
1138,5046,0.994636
5046,1138,0.994636
4871,2351,0.994590
2351,4871,0.994590
2541,4868,0.994546
4868,2541,0.994546
1117,5039,0.994508
5039,1117,0.994508
2350,5254,0.994483
5254,2350,0.994483
3455,3456,0.994429
3676,3455,0.994429
3456,3455,0.994429
3455,3676,0.994429
5214,2068,0.994383
2068,5214,0.994383
5081,1954,0.994348
1954,5081,0.994348
4859,2483,0.994290
2483,4859,0.994290
1144,5043,0.994286
5043,1144,0.994286
1156,5065,0.994284
5065,1156,0.994284
2479,4860,0.994076
4860,2479,0.994076
2477,4862,0.994035
4862,2477,0.994035
4970,1092,0.993985
1092,4970,0.993985
5117,1706,0.993982
1706,5117,0.993982
1102,4961,0.993932
4961,1102,0.993932
4943,1029,0.993805
1029,4943,0.993805
4907,1061,0.993802
4907,1086,0.993802
1086,4907,0.993802
1061,4907,0.993802
5052,1122,0.993794
1122,5052,0.993794
727,719,0.993722
719,727,0.993722
4910,1055,0.993679
1055,4910,0.993679
4937,2482,0.993456
2482,4937,0.993456
2059,5169,0.993391
5169,2059,0.993391
5015,979,0.993362
979,5015,0.993362
4785,4740,0.993256
4740,4785,0.993256
5264,3136,0.993171
3136,5264,0.993171
1605,4896,0.993080
1605,2070,0.993080
5255,2347,0.993046
2347,5255,0.993046
5250,2354,0.992971
2354,5250,0.992971
977,4972,0.992867
4972,977,0.992867
5069,1152,0.992859
1152,5069,0.992859
5125,1707,0.992795
1707,5125,0.992795
4969,1094,0.992706
1094,4969,0.992706
2224,5193,0.992685
5193,2224,0.992685
673,674,0.992661
674,673,0.992661
2346,5171,0.992659
5171,2346,0.992659
4869,2539,0.992577
2540,4869,0.992577
2539,4869,0.992577
4869,2540,0.992577
2353,5243,0.992366
5243,2353,0.992366
4967,1099,0.992232
1099,4967,0.992232
5234,2658,0.992181
2658,5234,0.992181
5051,1119,0.992035
1119,5051,0.992035
5098,1857,0.991954
1857,5098,0.991954
4510,4509,0.991664
4509,4510,0.991664
4297,4295,0.991660
4295,4297,0.991660
1845,1844,0.991656
1844,1845,0.991656
4953,2534,0.991648
2534,4953,0.991648
2535,4953,0.991648
4953,2535,0.991648
5497,4295,0.991577
5495,5497,0.991564
2862,2863,0.991526
2863,2862,0.991526
4968,1098,0.991384
1098,4968,0.991384
5336,4092,0.991320
4092,5336,0.991320
3138,5283,0.991072
5283,3138,0.991072
1672,5079,0.990866
5079,1672,0.990866
1120,5036,0.990715
5036,1120,0.990715
2662,2655,0.990650
2655,2662,0.990650
1103,4963,0.990591
4963,1103,0.990591
1121,5056,0.990296
5056,1121,0.990296
5024,917,0.990199
917,5024,0.990199
920,5024,0.990199
5024,920,0.990199
1018,1017,0.990004
1017,1018,0.990004
4911,1066,0.989792
4911,1081,0.989792
1066,4911,0.989792
1081,4911,0.989792
4988,942,0.989787
942,4988,0.989787
5072,1660,0.989484
1660,5072,0.989484
4803,4653,0.989368
4653,4803,0.989368
2285,2323,0.989007
2323,2285,0.989007
2323,2322,0.989005
2322,2323,0.989005
4809,4642,0.988962
4642,4809,0.988962
2687,2686,0.988909
2686,2687,0.988909
3681,3613,0.988907
3613,3681,0.988907
2148,5185,0.988894
5185,2148,0.988894
2679,2687,0.988852
2687,2679,0.988852
5159,2189,0.988806
2189,5159,0.988806
2124,2120,0.988733
2120,2124,0.988733
2683,2686,0.988327
2686,2683,0.988327
5062,1671,0.987822
1671,5062,0.987822
1671,5128,0.987822
5128,1671,0.987822
3659,3651,0.987789
3651,3659,0.987789
5016,980,0.987783
980,5016,0.987783
5119,1667,0.987682
1667,5119,0.987682
5040,1667,0.987682
1667,5040,0.987682
4971,978,0.987422
978,4971,0.987422
5184,1989,0.987399
1989,5184,0.987399
1013,4979,0.987114
4979,1013,0.987114
2659,2663,0.986828
2663,2659,0.986828
2546,4951,0.986393
4951,2546,0.986393
2547,4951,0.986393
4951,2547,0.986393
3716,3734,0.986326
3734,3716,0.986326
615,610,0.985797
610,615,0.985797
2679,2683,0.985638
2683,2679,0.985638
5301,2920,0.985629
2920,5301,0.985629
562,563,0.985296
563,562,0.985296
5353,5358,0.985069
5358,5353,0.985069
3771,3770,0.985057
3770,3771,0.985057
356,355,0.984859
355,356,0.984859
1831,5088,0.984804
5088,1831,0.984804
4983,1009,0.984377
1009,4983,0.984377
3257,3259,0.984356
3259,3257,0.984356
1402,1401,0.984134
1401,1402,0.984134
1047,4947,0.983997
4947,1047,0.983997
1027,4940,0.983827
4940,1027,0.983827
5553,5552,0.983710
5552,5553,0.983710
930,927,0.983520
927,930,0.983520
5425,5426,0.983061
5426,5425,0.983061
2017,2026,0.983013
2026,2017,0.983013
2789,2786,0.982399
2786,2789,0.982399
3316,3313,0.982380
3313,3316,0.982380
3454,3657,0.982078
3657,3454,0.982078
3660,3657,0.982078
3657,3660,0.982078
2034,5204,0.982020
5204,2034,0.982020
1025,4949,0.982001
4949,1025,0.982001
5019,1003,0.981872
1003,5019,0.981872
3521,3519,0.981832
3519,3521,0.981832
929,930,0.981796
930,929,0.981796
5143,1856,0.981782
1856,5143,0.981782
1018,1020,0.981670
1020,1018,0.981670
4848,5307,0.981555
5307,4848,0.981555
1000,5026,0.981297
5026,1000,0.981297
1991,5215,0.981266
5215,1991,0.981266
3400,3399,0.981227
3399,3400,0.981227
4351,4343,0.981110
4343,4351,0.981110
1001,5021,0.981044
5021,1001,0.981044
1708,5116,0.980917
5116,1708,0.980917
2925,2943,0.980703
2943,2925,0.980703
1494,1495,0.980679
1495,1494,0.980679
5191,2026,0.980431
2026,5191,0.980431
3768,3771,0.980294
3771,3768,0.980294
563,561,0.980261
561,563,0.980261
2657,2661,0.980055
2661,2657,0.980055
3569,3627,0.979930
3627,3569,0.979930
1023,4944,0.979670
4944,1023,0.979670
1973,1977,0.979653
1977,1973,0.979653
1711,5118,0.979624
5118,1711,0.979624
2007,5172,0.979525
5172,2007,0.979525
5411,5412,0.979353
5412,5411,0.979353
918,5017,0.979210
5017,918,0.979210
1106,1247,0.978912
1247,1106,0.978912
3648,3569,0.978834
3569,3648,0.978834
562,561,0.978831
561,562,0.978831
3965,3962,0.978501
3962,3965,0.978501
5372,5369,0.978216
5369,5372,0.978216
619,617,0.978077
617,619,0.978077
5087,1633,0.978056
1633,5087,0.978056
1247,4964,0.977946
4964,1247,0.977946
4747,4756,0.977905
4756,4747,0.977905
1834,4886,0.977879
4886,1834,0.977879
2095,2104,0.977828
2104,2095,0.977828
4982,1010,0.977623
1010,4982,0.977623
1036,1035,0.977539
1035,1036,0.977539
5362,5379,0.977465
5379,5362,0.977465
3697,3723,0.977363
3723,3697,0.977363
519,520,0.977221
520,519,0.977221
1511,61,0.976990
61,1511,0.976990
4555,4554,0.976976
4554,4555,0.976976
4039,4037,0.976835
4037,4039,0.976835
1630,1624,0.976520
1624,1630,0.976520
2755,2756,0.976513
2756,2755,0.976513
5082,5149,0.976445
5149,5082,0.976445
3482,3483,0.976199
3483,3482,0.976199
63,1507,0.976178
1507,63,0.976178
849,853,0.976166
853,849,0.976166
3242,3243,0.976003
3243,3242,0.976003
5213,5191,0.975900
5191,5213,0.975900
2017,5213,0.975889
5213,2017,0.975889
613,612,0.975868
612,613,0.975868
923,4992,0.975855
4992,923,0.975855
3854,3869,0.975789
3869,3854,0.975789
1496,1494,0.975686
1494,1496,0.975686
2678,2683,0.975517
3144,3146,0.975513
3146,3144,0.975513
3327,3326,0.975410
3326,3327,0.975410
568,567,0.975194
567,568,0.975194
5172,5213,0.975095
1483,1489,0.974998
1489,1483,0.974998
5253,4870,0.974907
4870,5253,0.974907
1249,1104,0.974850
1104,1249,0.974850
3067,3068,0.974730
3068,3067,0.974730
4401,4402,0.974723
4402,4401,0.974723
4899,1249,0.974666
1249,4899,0.974666
5367,5364,0.974509
5364,5367,0.974509
5352,5363,0.974482
5363,5352,0.974482
4758,4767,0.974431
4767,4758,0.974431
4767,4772,0.974394
4772,4767,0.974394
2007,2017,0.974370
4751,4767,0.974136
654,652,0.974110
652,654,0.974110
2578,2581,0.973995
2581,2578,0.973995
3564,3454,0.973957
3564,3660,0.973957
1131,1130,0.973899
1130,1131,0.973899
5025,1004,0.973849
1004,5025,0.973849
4743,4766,0.973728
4766,4743,0.973728
1388,1387,0.973607
1387,1388,0.973607
1692,1697,0.973286
1697,1692,0.973286
1095,5068,0.973192
5068,1095,0.973192
1898,5121,0.972705
5121,1898,0.972705
1626,1628,0.972568
1628,1626,0.972568
2287,2288,0.972504
2288,2287,0.972504
394,391,0.972446
391,394,0.972446
1622,1619,0.972441
1619,1622,0.972441
1688,1677,0.972436
1677,1688,0.972436
3723,3484,0.972370
3484,3723,0.972370
5042,1130,0.972335
2263,2264,0.972333
2264,2263,0.972333
1622,1623,0.972256
1623,1622,0.972256
1252,4962,0.972222
4962,1252,0.972222
2088,2089,0.972139
2089,2088,0.972139
4465,4461,0.972122
4461,4465,0.972122
1880,1874,0.972051
1864,1874,0.972051
1874,1880,0.972051
1874,1864,0.972051
927,929,0.972012
929,927,0.972012
1695,1692,0.971914
1692,1695,0.971914
1020,1017,0.971796
1017,1020,0.971796
3845,3930,0.971787
3930,3845,0.971787
4745,4747,0.971759
4747,4745,0.971759
3770,3768,0.971650
3768,3770,0.971650
3744,3735,0.971634
3735,3744,0.971634
1687,1686,0.971518
1686,1687,0.971518
3697,3688,0.971462
3688,3697,0.971462
3995,3996,0.971429
3996,3995,0.971429
1096,1095,0.971412
3624,3667,0.971388
3667,3624,0.971388
2264,2269,0.971376
2269,2264,0.971376
5036,1121,0.971359
1121,5036,0.971359
5054,1095,0.971247
4658,4659,0.971233
4659,4658,0.971233
3384,3383,0.971195
3383,3384,0.971195
1107,1110,0.971195
1110,1107,0.971195
4959,1110,0.971159
4958,1107,0.971130
4757,4741,0.970983
4741,4757,0.970983
255,256,0.970916
256,255,0.970916
1629,1626,0.970795
1626,1629,0.970795
3626,3637,0.970776
3637,3626,0.970776
2263,2256,0.970770
2256,2263,0.970770
1103,1250,0.970765
1250,1103,0.970765
524,525,0.970673
525,524,0.970673
382,380,0.970666
380,382,0.970666
4745,4756,0.970650
4756,4745,0.970650
4335,4336,0.970592
4336,4335,0.970592
2613,2616,0.970571
2616,2613,0.970571
4380,4372,0.970556
4372,4380,0.970556
4034,4039,0.970515
4039,4034,0.970515
694,693,0.970450
693,694,0.970450
5268,5298,0.970436
5298,5268,0.970436
1679,1681,0.970254
1681,1679,0.970254
5061,1096,0.970164
4784,4780,0.969964
4780,4784,0.969964
3507,3508,0.969959
3508,3507,0.969959
4766,4772,0.969946
3535,3522,0.969927
3522,3535,0.969927
2617,2616,0.969820
1493,1483,0.969783
1483,1493,0.969783
1248,1249,0.969752
654,655,0.969707
655,654,0.969707
1698,1692,0.969685
648,642,0.969660
642,648,0.969660
3149,3144,0.969604
3144,3149,0.969604
5070,1131,0.969506
3993,3991,0.969489
3991,3993,0.969489
3549,3560,0.969392
3560,3549,0.969392
3637,3697,0.969357
3484,3697,0.969286
4751,4756,0.969267
1105,1248,0.969227
1248,1105,0.969227
3744,3723,0.969124
4963,1250,0.969122
1250,4963,0.969122
1495,1496,0.969107
1496,1495,0.969107
1497,1493,0.969102
1493,1497,0.969102
5110,5122,0.969082
5122,5110,0.969082
5305,5276,0.969042
5276,5305,0.969042
1252,1250,0.968984
419,418,0.968976
418,419,0.968976
3688,3637,0.968959
4743,4751,0.968743
4888,5092,0.968663
5092,4888,0.968663
615,613,0.968631
613,615,0.968631
3053,3050,0.968555
3050,3053,0.968555
4980,4981,0.968552
4981,4980,0.968552
2038,4879,0.968514
4879,2038,0.968514
3591,3734,0.968509
3734,3591,0.968509
5309,5275,0.968484
5275,5309,0.968484
3553,3569,0.968481
1011,4980,0.968423
3775,3768,0.968404
1691,1692,0.968290
5559,5557,0.968230
5557,5559,0.968230
1618,1622,0.968222
4359,4336,0.967975
4336,4359,0.967975
5256,2663,0.967925
2663,5256,0.967925
5258,5252,0.967898
5252,5258,0.967898
1683,1686,0.967835
1686,1683,0.967835
925,926,0.967787
926,925,0.967787
4041,4039,0.967774
5228,5212,0.967614
5212,5228,0.967614
199,198,0.967596
198,199,0.967596
1875,1874,0.967595
3728,3730,0.967570
3730,3728,0.967570
4394,4396,0.967529
4396,4394,0.967529
649,647,0.967500
647,649,0.967500
3057,3052,0.967472
3052,3057,0.967472
1097,1095,0.967459
2146,2257,0.967455
2257,2146,0.967455
397,382,0.967398
382,397,0.967398
3779,3777,0.967320
3777,3779,0.967320
2281,2263,0.967300
2751,2747,0.967287
2747,2751,0.967287
2672,2676,0.967275
2676,2672,0.967275
5253,5326,0.967234
5326,5253,0.967234
5359,5364,0.967171
5364,5359,0.967171
4041,4037,0.967154
4037,4041,0.967154
3665,3653,0.967153
3653,3665,0.967153
3680,3723,0.967147
1620,1626,0.967144
1859,1860,0.967074
1860,1859,0.967074
1860,1861,0.967074
1861,1860,0.967074
1120,1121,0.967025
4742,4756,0.967019
5284,5288,0.966993
5288,5284,0.966993
4749,4742,0.966969
4742,4749,0.966969
3580,3600,0.966890
3600,3580,0.966890
3980,3981,0.966890
3981,3980,0.966890
1728,1729,0.966794
1729,1728,0.966794
394,386,0.966769
386,394,0.966769
4392,4391,0.966765
4391,4392,0.966765
391,386,0.966738
386,391,0.966738
3469,3744,0.966629
89,91,0.966624
91,89,0.966624
4333,4383,0.966610
4383,4333,0.966610
506,505,0.966599
505,506,0.966599
3902,3904,0.966533
3904,3902,0.966533
4748,4766,0.966506
1389,5061,0.966503
1677,1686,0.966474
1389,1095,0.966470
2678,2686,0.966306
4973,5022,0.966278
5022,4973,0.966278
1687,1677,0.966272
3670,3486,0.966250
3486,3670,0.966250
1012,4981,0.966248
1618,1625,0.966247
1625,1618,0.966247
4761,4767,0.966221
1043,1042,0.966150
1042,1043,0.966150
4357,4360,0.966133
4360,4357,0.966133
420,419,0.966130
419,420,0.966130
464,506,0.966122
506,464,0.966122
5219,5228,0.966113
5228,5219,0.966113
4381,4374,0.966022
4374,4381,0.966022
1101,1103,0.966002
5376,5362,0.965950
5362,5376,0.965950
3680,3688,0.965886
4351,4342,0.965860
4342,4351,0.965860
1625,1617,0.965844
1617,1625,0.965844
1790,1787,0.965782
1787,1790,0.965782
5056,5036,0.965762
4367,4366,0.965759
4366,4367,0.965759
4965,1248,0.965697
1387,1389,0.965652
5269,5303,0.965646
5303,5269,0.965646
5326,5252,0.965587
5252,5326,0.965587
3146,3147,0.965579
3147,3146,0.965579
5266,5285,0.965510
5285,5266,0.965510
4741,4746,0.965464
4746,4741,0.965464
4341,4342,0.965450
4342,4341,0.965450
3149,3146,0.965354
4359,4335,0.965349
4335,4359,0.965349
3698,3623,0.965093
3623,3698,0.965093
1497,1481,0.965029
1481,1497,0.965029
1694,1692,0.964992
1688,1687,0.964969
1333,5061,0.964905
3766,3770,0.964844
526,527,0.964808
527,526,0.964808
1739,1741,0.964752
1741,1739,0.964752
4033,4029,0.964715
4029,4033,0.964715
1489,1493,0.964667
4343,4342,0.964651
2611,2613,0.964589
3750,3655,0.964572
3655,3750,0.964572
425,421,0.964468
421,425,0.964468
4961,1251,0.964464
1251,4961,0.964464
5305,5275,0.964302
5275,5305,0.964302
4344,4353,0.964299
4353,4344,0.964299
1682,1681,0.964294
1681,1682,0.964294
1940,5136,0.964273
5136,1940,0.964273
4750,4751,0.964272
3961,3964,0.964226
3964,3961,0.964226
1486,1488,0.964208
1488,1486,0.964208
105,99,0.964155
99,105,0.964155
1333,1389,0.964107
2103,2104,0.964048
2104,2103,0.964048
518,519,0.964032
519,518,0.964032
3625,3667,0.963909
3667,3625,0.963909
1683,1687,0.963870
643,647,0.963869
647,643,0.963869
2674,2668,0.963821
2668,2674,0.963821
4761,4751,0.963814
4032,4037,0.963803
4043,4041,0.963776
1102,1251,0.963731
1251,1102,0.963731
4444,4443,0.963684
4443,4444,0.963684
2269,2281,0.963654
2281,2269,0.963654
4879,5172,0.963644
2095,2103,0.963595
2103,2095,0.963595
5325,5252,0.963584
4371,4372,0.963573
4372,4371,0.963573
378,382,0.963442
610,611,0.963432
611,610,0.963432
870,869,0.963369
869,870,0.963369
2100,2101,0.963291
2101,2100,0.963291
2087,2088,0.963233
2088,2087,0.963233
4032,4039,0.963196
3596,3600,0.963135
3600,3596,0.963135
4748,4767,0.963104
1727,1738,0.963077
1738,1727,0.963077
3746,3744,0.962894
4257,4258,0.962850
4258,4257,0.962850
4955,5266,0.962849
5266,4955,0.962849
2940,2938,0.962634
2938,2940,0.962634
104,100,0.962633
100,104,0.962633
4042,4039,0.962595
2626,2623,0.962438
2623,2626,0.962438
5382,5385,0.962428
5385,5382,0.962428
4042,4041,0.962428
4827,5001,0.962420
5001,4827,0.962420
4012,5472,0.962375
5472,4012,0.962375
2087,2089,0.962344
2089,2087,0.962344
652,653,0.962317
653,652,0.962317
1492,1496,0.962290
3558,3633,0.962282
3633,3558,0.962282
3746,3723,0.962165
5000,4999,0.962165
4999,5000,0.962165
4774,4773,0.962122
4773,4774,0.962122
5470,2264,0.962108
1684,1683,0.962082
1748,1752,0.962011
1752,1748,0.962011
1784,1787,0.961842
1787,1784,0.961842
5380,5381,0.961833
5381,5380,0.961833
4275,2264,0.961776
3472,3583,0.961750
3583,3472,0.961750
4276,4012,0.961729
4012,4276,0.961729
338,339,0.961713
339,338,0.961713
5100,4883,0.961673
4883,5100,0.961673
3748,3680,0.961668
406,409,0.961665
409,406,0.961665
5129,5092,0.961633
5092,5129,0.961633
5287,5274,0.961626
5274,5287,0.961626
3467,3485,0.961619
3485,3467,0.961619
5257,5326,0.961609
569,570,0.961546
570,569,0.961546
1623,1618,0.961516
4870,5326,0.961497
2256,2264,0.961473
4755,4767,0.961469
4768,4767,0.961467
3546,3660,0.961447
3546,3454,0.961447
5257,3148,0.961395
3148,5257,0.961395
2266,2265,0.961384
2265,2266,0.961384
421,420,0.961372
420,421,0.961372
1481,1493,0.961367
4757,4761,0.961349
5091,5122,0.961345
5122,5091,0.961345
5323,5315,0.961304
5315,5323,0.961304
2473,2471,0.961287
2471,2473,0.961287
311,312,0.961209
312,311,0.961209
5360,5368,0.961159
5368,5360,0.961159
390,391,0.961157
1808,1806,0.961129
1806,1808,0.961129
1490,1497,0.960965
4825,5002,0.960948
5002,4825,0.960948
1482,1490,0.960937
1490,1482,0.960937
644,647,0.960911
3751,3655,0.960888
3655,3751,0.960888
3147,3144,0.960881
4034,4042,0.960868
392,382,0.960832
3148,4955,0.960814
4955,3148,0.960814
611,613,0.960786
618,617,0.960769
617,618,0.960769
1729,1738,0.960750
1738,1729,0.960750
602,601,0.960715
601,602,0.960715
385,384,0.960692
384,385,0.960692
5309,5305,0.960673
3682,3564,0.960665
4381,4387,0.960660
4387,4381,0.960660
4412,4410,0.960626
4410,4412,0.960626
4148,5326,0.960598
45,46,0.960589
46,45,0.960589
5260,5261,0.960555
5261,5260,0.960555
5091,5112,0.960501
5112,5091,0.960501
134,138,0.960498
138,134,0.960498
1695,1698,0.960439
1698,1695,0.960439
378,380,0.960425
380,378,0.960425
1111,4958,0.960353
4957,4958,0.960349
3469,3723,0.960345
4396,4395,0.960333
4395,4396,0.960333
5261,5257,0.960314
4750,4757,0.960154
3775,3771,0.960149
1876,1866,0.960143
1866,1876,0.960143
2259,2261,0.960130
2261,2259,0.960130
5129,5146,0.960046
5146,5129,0.960046
1482,1497,0.960035
2975,2976,0.960031
2976,2975,0.960031
1629,1620,0.960016
1620,1629,0.960016
3067,3062,0.959968
3062,3067,0.959968
3674,3675,0.959953
3675,3674,0.959953
5100,5089,0.959910
5089,5100,0.959910
3652,3583,0.959895
3583,3652,0.959895
100,106,0.959873
106,100,0.959873
517,519,0.959849
4036,4042,0.959841
2625,5326,0.959824
397,380,0.959815
3062,3068,0.959813
3068,3062,0.959813
1877,2095,0.959811
384,379,0.959810
379,384,0.959810
4354,4383,0.959793
4383,4354,0.959793
3608,3610,0.959747
3610,3608,0.959747
4883,5080,0.959700
5080,4883,0.959700
1339,1389,0.959674
517,520,0.959660
520,517,0.959660
3553,3627,0.959616
3627,3553,0.959616
5258,4955,0.959490
650,652,0.959478
3643,3620,0.959471
3620,3643,0.959471
3644,3620,0.959471
3620,3644,0.959471
5278,5292,0.959447
5292,5278,0.959447
4746,4757,0.959437
1492,1482,0.959429
381,382,0.959396
2086,2092,0.959375
2092,2086,0.959375
1227,1232,0.959346
1232,1227,0.959346
4764,4756,0.959316
4754,4756,0.959305
2232,2234,0.959304
2234,2232,0.959304
5396,5397,0.959261
5397,5396,0.959261
1875,2103,0.959261
4350,4349,0.959226
4349,4350,0.959226
4167,3431,0.959218
3431,4167,0.959218
649,643,0.959199
643,649,0.959199
5058,5045,0.959193
5045,5058,0.959193
1694,1698,0.959184
1851,1857,0.959128
1857,1851,0.959128
3150,3148,0.959049
5096,5092,0.959022
4340,4354,0.959020
4354,4340,0.959020
226,227,0.959018
227,226,0.959018
5080,5149,0.958968
5149,5080,0.958968
4387,4370,0.958947
4370,4387,0.958947
3611,3608,0.958947
3608,3611,0.958947
4370,4381,0.958893
1805,1801,0.958870
1801,1805,0.958870
1126,5058,0.958858
3516,3519,0.958795
3519,3516,0.958795
3145,3149,0.958728
5385,5387,0.958667
5387,5385,0.958667
1870,1875,0.958666
3766,3775,0.958642
1679,1687,0.958639
3121,3017,0.958560
3017,3121,0.958560
3654,3553,0.958519
381,397,0.958509
2971,2972,0.958501
2972,2971,0.958501
624,621,0.958493
621,624,0.958493
407,389,0.958492
389,407,0.958492
2238,1722,0.958469
1722,2238,0.958469
4744,4742,0.958455
2260,2281,0.958448
1744,1757,0.958397
1757,1744,0.958397
392,397,0.958308
3377,3383,0.958307
3383,3377,0.958307
5294,5288,0.958255
5288,5294,0.958255
4749,4756,0.958222
5292,5272,0.958210
5272,5292,0.958210
2257,2256,0.958208
339,340,0.958196
340,339,0.958196
2146,2261,0.958187
2261,2146,0.958187
438,439,0.958136
439,438,0.958136
5287,5288,0.958096
4368,4372,0.958091
4744,4751,0.958017
2265,2281,0.958008
1487,1486,0.957971
1486,1487,0.957971
516,519,0.957925
1732,1733,0.957903
1733,1732,0.957903
3681,3659,0.957889
3659,3681,0.957889
4888,5096,0.957887
5096,4888,0.957887
4784,4783,0.957829
4783,4784,0.957829
1806,1722,0.957815
1722,1806,0.957815
1754,1752,0.957802
1752,1754,0.957802
1727,1729,0.957703
3555,3716,0.957681
3716,3555,0.957681
612,615,0.957672
2625,5252,0.957668
387,507,0.957590
507,387,0.957590
5207,5219,0.957565
5219,5207,0.957565
1339,5068,0.957532
1799,1735,0.957482
1735,1799,0.957482
4015,4039,0.957475
5284,5287,0.957472
2417,2419,0.957457
2419,2417,0.957457
1684,1681,0.957451
2092,2091,0.957423
2091,2092,0.957423
2238,1757,0.957401
1757,2238,0.957401
1759,1760,0.957386
1760,1759,0.957386
4856,4858,0.957369
4858,4856,0.957369
4401,4350,0.957310
4350,4401,0.957310
385,390,0.957271
390,385,0.957271
1388,1339,0.957256
3104,3103,0.957242
3103,3104,0.957242
2748,3764,0.957234
3764,2748,0.957234
5120,1940,0.957231
1940,5120,0.957231
401,392,0.957215
2623,2625,0.957208
1780,1771,0.957207
1771,1780,0.957207
3591,3716,0.957185
3712,3744,0.957157
1807,1808,0.957154
1808,1807,0.957154
3510,3526,0.957140
3526,3510,0.957140
4810,4811,0.957104
4811,4810,0.957104
4338,4343,0.957067
471,472,0.957064
472,471,0.957064
3617,3589,0.957015
3589,3617,0.957015
1123,1126,0.957014
5318,5275,0.956942
3049,3048,0.956916
3048,3049,0.956916
3513,3520,0.956866
3520,3513,0.956866
505,4949,0.956862
4949,505,0.956862
3686,3752,0.956861
3752,3686,0.956861
3304,3306,0.956822
3306,3304,0.956822
5268,5287,0.956787
131,132,0.956729
132,131,0.956729
4825,4817,0.956703
4817,4825,0.956703
5112,5089,0.956643
5089,5112,0.956643
1791,1822,0.956610
1822,1791,0.956610
5318,5309,0.956603
407,405,0.956535
405,407,0.956535
2094,2104,0.956512
2204,2205,0.956508
2205,2204,0.956508
4030,4034,0.956504
133,135,0.956491
135,133,0.956491
4393,4395,0.956457
4395,4393,0.956457
1728,1738,0.956441
2094,2095,0.956423
518,520,0.956371
4380,4368,0.956358
4368,4380,0.956358
2696,2692,0.956353
2692,2696,0.956353
1754,1748,0.956298
1748,1754,0.956298
3150,3149,0.956295
4882,5091,0.956295
418,420,0.956285
1799,1739,0.956253
1739,1799,0.956253
4371,4370,0.956209
1682,1684,0.956205
2086,2090,0.956184
2090,2086,0.956184
1488,1491,0.956167
1491,1488,0.956167
2429,2625,0.956068
5359,5367,0.956032
5367,5359,0.956032
1749,1752,0.956014
1797,1799,0.955990
644,645,0.955928
645,644,0.955928
427,505,0.955926
3006,3007,0.955906
3007,3006,0.955906
3626,3697,0.955859
3549,3572,0.955835
3572,3549,0.955835
5136,5120,0.955820
5120,5136,0.955820
3521,3520,0.955812
3520,3521,0.955812
144,142,0.955782
142,144,0.955782
2807,2805,0.955782
2805,2799,0.955782
2799,2805,0.955782
2805,2807,0.955782
2474,2473,0.955740
2473,2474,0.955740
3610,3611,0.955679
3611,3610,0.955679
5217,5213,0.955661
1998,2018,0.955643
2018,1998,0.955643
3386,3377,0.955631
3377,3386,0.955631
592,591,0.955614
591,592,0.955614
1866,1860,0.955553
3596,3580,0.955539
3580,3596,0.955539
5350,5348,0.955532
5348,5350,0.955532
3595,3580,0.955525
4198,4201,0.955508
4201,4198,0.955508
1742,2238,0.955495
4376,4374,0.955481
4374,4376,0.955481
2669,2679,0.955473
1749,1748,0.955466
1869,1867,0.955385
1867,1869,0.955385
1753,1749,0.955366
3007,3004,0.955362
3004,3007,0.955362
2260,2264,0.955258
1909,1908,0.955211
1908,1909,0.955211
5293,5268,0.955203
3590,3620,0.955181
4031,4042,0.955093
4228,4227,0.955087
4227,4228,0.955087
1747,1745,0.955074
1745,1747,0.955074
342,340,0.955052
340,342,0.955052
3384,3382,0.955046
3382,3384,0.955046
4882,5112,0.955040
1759,2238,0.955007
5298,5292,0.954990
5217,5172,0.954936
5240,2232,0.954923
2232,5240,0.954923
3382,3377,0.954918
1697,1698,0.954878
431,438,0.954829
438,431,0.954829
399,381,0.954814
564,565,0.954770
565,564,0.954770
2695,2691,0.954703
2691,2695,0.954703
3735,3469,0.954689
5108,1954,0.954684
1954,5108,0.954684
299,298,0.954656
298,299,0.954656
1791,1787,0.954623
4360,4401,0.954610
2192,2185,0.954541
2185,2192,0.954541
1407,1406,0.954525
1406,1407,0.954525
1742,1722,0.954465
3648,3553,0.954447
3590,3653,0.954430
3653,3590,0.954430
1878,1861,0.954411
1878,1859,0.954411
338,343,0.954410
343,338,0.954410
1801,1739,0.954397
5334,5333,0.954386
5333,5334,0.954386
646,649,0.954356
5140,5129,0.954348
1735,1742,0.954321
1619,1623,0.954271
4004,3994,0.954267
3994,4004,0.954267
2694,2695,0.954246
2695,2694,0.954246
1775,1782,0.954243
1782,1775,0.954243
4379,4376,0.954228
4376,4379,0.954228
2429,2257,0.954202
5376,5379,0.954199
5379,5376,0.954199
1901,2007,0.954190
1491,1484,0.954166
1484,1491,0.954166
1798,1733,0.954139
1733,1798,0.954139
2657,2654,0.954111
2654,2657,0.954111
5094,5122,0.954071
4382,4370,0.954071
3038,3115,0.954064
3115,3038,0.954064
5207,5228,0.954049
5384,5386,0.954049
5386,5384,0.954049
3396,3373,0.954016
3373,3396,0.954016
1872,1865,0.954015
1865,1872,0.954015
1877,2104,0.954013
388,382,0.953994
1051,1333,0.953991
409,389,0.953941
389,409,0.953941
2096,2104,0.953930
4819,4825,0.953906
1685,1677,0.953905
4056,2257,0.953824
2373,2372,0.953823
2372,2373,0.953823
4400,4398,0.953777
4398,4400,0.953777
1966,1992,0.953774
1992,1966,0.953774
4738,4737,0.953764
4737,4738,0.953764
1685,1686,0.953746
3624,3625,0.953745
3625,3624,0.953745
72,2389,0.953698
2389,72,0.953698
3372,3373,0.953680
4827,4816,0.953679
4816,4827,0.953679
3654,3657,0.953666
4805,5266,0.953649
835,837,0.953630
837,835,0.953630
3986,4008,0.953592
4008,3986,0.953592
5518,5514,0.953536
5514,5518,0.953536
2266,2264,0.953513
1691,1695,0.953507
2396,2394,0.953506
2394,2396,0.953506
3550,3673,0.953493
3673,3550,0.953493
427,4949,0.953484
1922,1926,0.953447
1926,1922,0.953447
4356,4334,0.953429
4334,4356,0.953429
1798,1735,0.953415
3748,3688,0.953412
5212,5219,0.953393
1819,1793,0.953363
1793,1819,0.953363
3703,3748,0.953348
3665,3617,0.953314
3617,3665,0.953314
4149,5007,0.953311
5007,4149,0.953311
401,397,0.953295
1676,1678,0.953282
1678,1676,0.953282
3613,3659,0.953219
3714,3656,0.953192
3656,3714,0.953192
422,421,0.953180
4823,4816,0.953159
4816,4823,0.953159
5325,5326,0.953140
5139,4882,0.953130
4352,4353,0.953100
4353,4352,0.953100
4148,2257,0.953099
3398,3396,0.953096
2267,2269,0.953020
3721,3691,0.953007
3691,3721,0.953007
136,138,0.953002
138,136,0.953002
4413,4412,0.952974
4412,4413,0.952974
364,362,0.952974
362,364,0.952974
3516,3521,0.952933
5340,5338,0.952857
5338,5340,0.952857
4398,4397,0.952834
4397,4398,0.952834
4934,4930,0.952834
4930,4934,0.952834
1643,1619,0.952792
2102,1880,0.952790
2102,1864,0.952790
3145,3146,0.952725
3572,3553,0.952713
5410,5407,0.952712
5407,5410,0.952712
4832,5262,0.952701
5262,4832,0.952701
1617,1621,0.952675
1621,1617,0.952675
3567,3530,0.952626
3530,3567,0.952626
5531,5532,0.952618
5532,5531,0.952618
1771,1776,0.952553
1776,1771,0.952553
4322,4315,0.952537
4315,4322,0.952537
2187,1624,0.952525
1624,2187,0.952525
1747,1726,0.952523
1726,1747,0.952523
4212,4213,0.952500
4213,4212,0.952500
4409,4412,0.952491
5274,5268,0.952482
507,384,0.952437
387,384,0.952427
3712,3735,0.952371
5037,4916,0.952356
4916,5037,0.952356
569,567,0.952327
567,569,0.952327
1654,1653,0.952315
1653,1654,0.952315
4657,4655,0.952309
4655,4657,0.952309
1790,1791,0.952308
1753,1751,0.952239
1751,1753,0.952239
3651,3613,0.952239
425,420,0.952220
608,607,0.952180
607,608,0.952180
101,103,0.952162
103,101,0.952162
1202,914,0.952142
914,1202,0.952142
1381,1380,0.952119
1380,1381,0.952119
3763,3761,0.952119
3761,3763,0.952119
396,379,0.952102
379,396,0.952102
4693,4692,0.952073
4692,4693,0.952073
464,505,0.952055
3604,3607,0.952018
3607,3604,0.952018
3574,3628,0.951992
3628,3574,0.951992
5224,5165,0.951955
5165,5224,0.951955
2374,2370,0.951949
2370,2374,0.951949
4056,2146,0.951940
3143,3142,0.951926
3142,3143,0.951926
424,419,0.951921
3682,3698,0.951920
